1 8.920455e-01 1
2 3.409091e-02 0
3 2.272727e-01 0
4 2.329545e-01 0
5 1 1
6 2.784091e-01 0
7 7.045455e-01 1
8 6.079545e-01 1
9 7.556818e-01 1
10 9.147727e-01 1
11 2.215909e-01 0
12 3.068182e-01 0
13 7.215909e-01 1
14 5.681818e-01 1
15 4.943182e-01 1
16 4.488636e-01 0
17 1.931818e-01 1
18 4.772727e-01 1
19 3.181818e-01 1
20 6.875000e-01 1
21 1.818182e-01 1
22 6.761364e-01 1
23 1 1
24 3.579545e-01 1
25 8.352273e-01 1
26 2.784091e-01 1
27 4.090909e-01 1
28 4.659091e-01 1
29 8.806818e-01 1
30 8.806818e-01 1
31 6.079545e-01 1
32 8.806818e-01 1
33 1 1
34 6.647727e-01 1
35 5.625000e-01 1
36 4.318182e-01 1
37 1.363636e-01 0
38 1.477273e-01 1
39 3.522727e-01 1
40 1 1
41 6.704545e-01 1
42 8.011364e-01 1
43 1 1
44 5.340909e-01 1
45 1.136364e-01 0
46 3.920455e-01 1
47 5.681818e-02 0
48 4.204545e-01 1
49 1.761364e-01 1
50 3.579545e-01 0
51 3.636364e-01 1
52 5.795455e-01 1
53 6.079545e-01 1
54 2.897727e-01 1
55 3.693182e-01 0
56 1 1
57 6.818182e-02 0
58 8.465909e-01 1
59 3.693182e-01 1
60 2.897727e-01 1
61 1.704545e-01 1
62 4.204545e-01 0
63 5.681818e-02 0
64 1.988636e-01 1
65 1.590909e-01 1
66 4.375000e-01 1
67 5.227273e-01 1
68 4.488636e-01 1
69 5.113636e-01 1
70 5.568182e-01 1
