1 1 1
2 1 0
3 3.333333e-01 0
4 6.000000e-01 0
5 1 1
6 1 0
7 1 1
8 1 1
9 1 1
10 1 1
11 1 0
12 1 0
13 1 1
14 1 1
15 1 1
16 1 0
17 1.333333e-01 0
18 1 0
19 1 1
20 1 1
21 5.333333e-01 1
22 1 1
23 1 1
24 1 0
25 1 1
26 1 0
27 1 1
28 1 1
29 1 1
30 1 1
31 1 1
32 1 1
33 1 1
34 1 1
35 1 1
36 8.000000e-01 1
37 4.000000e-01 0
38 1 1
39 1 1
40 1 1
41 1 1
42 1 1
43 1 1
44 1 1
45 4.000000e-01 0
46 1 0
47 2.000000e-01 0
48 1 1
49 1 0
50 3.333333e-01 0
51 1 1
52 1 1
53 1 1
54 6.000000e-01 0
55 1 1
56 1 1
57 4.000000e-01 0
58 1 1
59 1 1
60 1 1
61 4.000000e-01 0
62 5.333333e-01 0
63 5.333333e-01 0
64 3.333333e-01 1
65 3.333333e-01 1
66 2.000000e-01 0
67 1 1
68 7.333333e-01 1
69 1 1
70 1 1
