1 7.897727e-01 1
2 2.386364e-01 0
3 2.840909e-01 1
4 1.420455e-01 0
5 9.431818e-01 1
6 2.727273e-01 1
7 4.318182e-01 1
8 6.647727e-01 1
9 7.272727e-01 1
10 6.704545e-01 1
11 4.261364e-01 1
12 1.931818e-01 0
13 7.272727e-01 1
14 4.545455e-01 1
15 3.125000e-01 0
16 3.977273e-01 0
17 8.522727e-02 0
18 4.261364e-01 0
19 3.579545e-01 0
20 1.988636e-01 0
21 2.215909e-01 0
22 3.806818e-01 0
23 6.477273e-01 1
24 2.443182e-01 0
25 3.920455e-01 0
26 2.443182e-01 0
27 3.068182e-01 0
28 1.250000e-01 0
29 6.420455e-01 1
30 7.329545e-01 1
31 3.920455e-01 1
32 6.193182e-01 1
33 9.318182e-01 1
34 2.215909e-01 1
35 2.386364e-01 0
36 3.238636e-01 0
37 2.159091e-01 0
38 2.159091e-01 0
39 2.727273e-01 0
40 7.329545e-01 1
41 2.159091e-01 0
42 4.659091e-01 1
43 6.477273e-01 1
44 3.011364e-01 1
45 1.250000e-01 0
46 4.090909e-01 1
47 2.159091e-01 0
48 3.522727e-01 1
49 2.784091e-01 0
50 8.522727e-02 0
51 3.636364e-01 1
52 1.250000e-01 0
53 4.545455e-01 1
54 4.829545e-01 1
55 4.147727e-01 1
56 8.125000e-01 1
57 1.250000e-01 0
58 7.556818e-01 1
59 6.875000e-01 1
60 5.965909e-01 1
61 3.068182e-01 0
62 2.272727e-01 0
63 2.386364e-01 0
64 8.522727e-02 0
65 1.250000e-01 0
66 5.454545e-01 1
67 3.693182e-01 1
68 2.386364e-01 0
69 2.727273e-01 1
70 4.829545e-01 1
