1 9.818182e-01 1
2 2.181818e-01 0
3 3.090909e-01 1
4 3.090909e-01 0
5 1 1
6 4.000000e-01 1
7 4.727273e-01 0
8 5.090909e-01 1
9 3.636364e-01 0
10 6.727273e-01 1
11 2.000000e-01 0
12 1.636364e-01 0
13 4.363636e-01 1
14 4.000000e-01 1
15 4.545455e-01 1
16 6.727273e-01 0
17 2.000000e-01 0
18 5.272727e-01 1
19 8.000000e-01 1
20 6.909091e-01 1
21 2.909091e-01 1
22 7.454545e-01 1
23 1 1
24 5.818182e-01 1
25 8.181818e-01 1
26 4.000000e-01 1
27 5.818182e-01 1
28 2.727273e-01 0
29 6.363636e-01 1
30 6.545455e-01 1
31 4.545455e-01 1
32 6.545455e-01 1
33 1 1
34 5.090909e-01 1
35 5.636364e-01 1
36 4.181818e-01 1
37 1.454545e-01 0
38 2.181818e-01 1
39 5.636364e-01 1
40 1 1
41 5.818182e-01 1
42 7.272727e-01 1
43 9.818182e-01 1
44 5.454545e-01 1
45 1.818182e-01 0
46 4.363636e-01 1
47 1.090909e-01 0
48 3.636364e-01 1
49 3.818182e-01 0
50 1.636364e-01 0
51 4.000000e-01 0
52 5.818182e-01 1
53 4.181818e-01 1
54 3.272727e-01 1
55 2.545455e-01 1
56 1 1
57 1.636364e-01 0
58 6.727273e-01 1
59 3.090909e-01 1
60 2.181818e-01 1
61 2.545455e-01 0
62 2.909091e-01 0
63 2.363636e-01 0
64 1.454545e-01 1
65 1.090909e-01 1
66 4.000000e-01 0
67 6.909091e-01 1
68 4.545455e-01 1
69 6.727273e-01 1
70 4.909091e-01 1
