1 8.909091e-01 1
2 1.636364e-01 0
3 1.454545e-01 0
4 1.090909e-01 0
5 1 1
6 3.636364e-01 0
7 4.909091e-01 1
8 6.727273e-01 1
9 6.727273e-01 1
10 8.545455e-01 1
11 3.272727e-01 0
12 2.000000e-01 0
13 5.636364e-01 1
14 4.545455e-01 1
15 4.363636e-01 1
16 3.272727e-01 0
17 1.636364e-01 1
18 2.909091e-01 0
19 6.363636e-01 1
20 5.818182e-01 1
21 2.000000e-01 1
22 5.454545e-01 1
23 1 1
24 3.272727e-01 1
25 7.454545e-01 1
26 2.363636e-01 1
27 5.454545e-01 1
28 4.727273e-01 1
29 8.545455e-01 1
30 8.000000e-01 1
31 5.454545e-01 1
32 7.272727e-01 1
33 1 1
34 4.909091e-01 1
35 5.636364e-01 1
36 2.909091e-01 1
37 1.272727e-01 0
38 1.818182e-01 1
39 3.636364e-01 1
40 1 1
41 6.181818e-01 1
42 7.636364e-01 1
43 9.272727e-01 1
44 3.454545e-01 1
45 3.636364e-02 0
46 3.636364e-01 1
47 9.090909e-02 0
48 1.272727e-01 0
49 4.363636e-01 0
50 1.818182e-01 0
51 1.090909e-01 0
52 4.181818e-01 1
53 6.363636e-01 1
54 3.818182e-01 1
55 4.000000e-01 1
56 9.454545e-01 1
57 1.272727e-01 0
58 7.636364e-01 1
59 4.545455e-01 1
60 3.454545e-01 1
61 1.818182e-01 0
62 3.818182e-01 0
63 2.000000e-01 0
64 2.181818e-01 0
65 1.818182e-01 1
66 3.272727e-01 1
67 6.000000e-01 1
68 4.000000e-01 1
69 5.272727e-01 1
70 5.272727e-01 1
