1 1 1
2 9.423077e-01 0
3 3.846154e-01 0
4 4.038462e-01 0
5 1 1
6 6.730769e-01 0
7 7.307692e-01 1
8 1 1
9 1 1
10 1 1
11 7.500000e-01 0
12 5.384615e-01 0
13 1 1
14 9.807692e-01 1
15 1 1
16 8.269231e-01 0
17 3.269231e-01 1
18 7.307692e-01 0
19 1 1
20 1 1
21 2.884615e-01 1
22 1 1
23 1 1
24 6.153846e-01 0
25 1 1
26 4.038462e-01 0
27 5.576923e-01 1
28 2.307692e-01 0
29 1 1
30 1 1
31 5.961538e-01 1
32 1 1
33 1 1
34 1 1
35 6.730769e-01 1
36 3.653846e-01 0
37 9.615385e-02 0
38 4.423077e-01 1
39 5.769231e-01 1
40 1 1
41 1 1
42 1 1
43 1 1
44 5.192308e-01 1
45 1.153846e-01 0
46 5.192308e-01 0
47 3.269231e-01 0
48 5.961538e-01 1
49 6.923077e-01 0
50 3.653846e-01 1
51 7.500000e-01 1
52 5.961538e-01 1
53 1 1
54 5.000000e-01 1
55 6.153846e-01 1
56 1 1
57 2.115385e-01 1
58 1 1
59 9.423077e-01 1
60 7.307692e-01 1
61 5.769231e-02 0
62 1.730769e-01 0
63 2.115385e-01 0
64 2.307692e-01 0
65 3.076923e-01 1
66 4.423077e-01 0
67 1 1
68 5.000000e-01 0
69 6.923077e-01 1
70 7.692308e-01 1
