1 9.272727e-01 1
2 2.181818e-01 0
3 2.727273e-01 0
4 2.181818e-01 0
5 1 1
6 3.636364e-01 0
7 5.454545e-01 1
8 6.909091e-01 1
9 7.818182e-01 1
10 1 1
11 2.545455e-01 1
12 2.727273e-01 0
13 6.545455e-01 1
14 5.636364e-01 1
15 5.090909e-01 1
16 3.090909e-01 0
17 1.818182e-01 0
18 3.818182e-01 1
19 8.363636e-01 1
20 4.363636e-01 1
21 2.727273e-01 1
22 4.545455e-01 0
23 1 1
24 4.181818e-01 0
25 8.545455e-01 1
26 3.272727e-01 1
27 3.818182e-01 1
28 3.818182e-01 1
29 9.272727e-01 1
30 1 1
31 7.090909e-01 1
32 9.818182e-01 1
33 1 1
34 6.545455e-01 1
35 4.727273e-01 1
36 2.909091e-01 1
37 1.272727e-01 0
38 1.818182e-01 0
39 4.545455e-01 1
40 1 1
41 6.181818e-01 1
42 8.000000e-01 1
43 1 1
44 4.000000e-01 1
45 2.181818e-01 0
46 4.363636e-01 1
47 1.272727e-01 1
48 4.000000e-01 1
49 4.181818e-01 0
50 2.181818e-01 0
51 3.090909e-01 0
52 4.909091e-01 1
53 4.363636e-01 1
54 3.818182e-01 1
55 3.272727e-01 0
56 1 1
57 1.818182e-01 0
58 6.363636e-01 1
59 4.181818e-01 1
60 2.909091e-01 1
61 2.000000e-01 0
62 3.090909e-01 0
63 2.727273e-01 0
64 1.272727e-01 1
65 1.636364e-01 0
66 3.090909e-01 1
67 7.090909e-01 1
68 4.545455e-01 1
69 5.090909e-01 1
70 4.545455e-01 1
