1 8.750000e-01 1
2 1.477273e-01 0
3 2.897727e-01 0
4 1.477273e-01 0
5 1 1
6 3.125000e-01 0
7 5.397727e-01 1
8 6.931818e-01 1
9 7.159091e-01 1
10 8.238636e-01 1
11 3.409091e-01 0
12 2.500000e-01 0
13 5.909091e-01 1
14 4.659091e-01 1
15 4.943182e-01 1
16 3.181818e-01 0
17 1.477273e-01 1
18 3.181818e-01 0
19 6.079545e-01 1
20 5.056818e-01 1
21 1.193182e-01 1
22 5.170455e-01 1
23 9.943182e-01 1
24 3.011364e-01 1
25 6.704545e-01 1
26 2.443182e-01 1
27 4.545455e-01 1
28 3.920455e-01 1
29 8.636364e-01 1
30 7.897727e-01 1
31 6.079545e-01 1
32 7.500000e-01 1
33 1 1
34 5.454545e-01 1
35 4.715909e-01 1
36 2.159091e-01 0
37 1.420455e-01 0
38 6.818182e-02 0
39 3.693182e-01 1
40 1 1
41 5.909091e-01 1
42 7.272727e-01 1
43 9.715909e-01 1
44 3.863636e-01 1
45 7.954545e-02 0
46 3.352273e-01 1
47 3.977273e-02 0
48 2.102273e-01 1
49 4.488636e-01 0
50 6.250000e-02 1
51 3.181818e-01 1
52 4.034091e-01 1
53 6.420455e-01 1
54 3.352273e-01 1
55 4.090909e-01 1
56 9.318182e-01 1
57 7.386364e-02 0
58 6.988636e-01 1
59 3.465909e-01 1
60 2.954545e-01 1
61 1.363636e-01 0
62 3.181818e-01 0
63 1.761364e-01 0
64 1.647727e-01 1
65 2.443182e-01 1
66 4.375000e-01 1
67 5.000000e-01 1
68 3.636364e-01 1
69 4.034091e-01 1
70 4.715909e-01 1
