61 -9.652764 34.285714
61 -24.034640 58.571429
61 -15.881510 45.714286
61 -13.856204 60.000000
61 -22.874970 50.000000
61 -9.356108 60.000000
61 -18.884961 44.285714
61 -20.506160 40.000000
61 -9.904556 64.285714
61 -22.987257 41.428571
61 -21.256805 45.714286
61 -22.858739 34.285714
61 -19.077253 50.000000
61 -15.511670 48.571429
61 -7.603979 71.428571
61 -14.346767 60.000000
61 -17.125952 42.857143
61 -24.283113 40.000000
61 -11.913036 54.285714
61 -10.008364 41.428571
61 -20.482162 41.428571
61 -16.548775 50.000000
61 -21.025076 35.714286
61 -9.934188 51.428571
61 -15.667252 45.714286
61 -12.077836 44.285714
61 -18.670570 44.285714
61 -9.222015 58.571429
61 -18.157862 50.000000
61 -16.977126 54.285714
61 -8.177446 55.714286
61 -17.948111 41.428571
61 -11.029022 45.714286
61 -8.713834 52.857143
61 -15.388871 40.000000
61 -20.815491 48.571429
61 -14.513726 57.142857
61 -23.793538 48.571429
61 -19.129553 45.714286
61 -22.533546 30.000000
61 -20.850749 44.285714
61 -14.242747 57.142857
61 -21.512576 42.857143
61 -21.307899 45.714286
61 -17.545271 42.857143
61 -22.411635 51.428571
61 -9.940131 62.857143
61 -14.699486 47.142857
61 -18.568748 47.142857
61 -10.804346 38.571429
61 -9.836409 42.857143
61 -8.855477 52.857143
61 -25.265355 32.857143
61 -9.592302 57.142857
61 -8.006439 62.857143
61 -15.431648 42.857143
61 -10.126311 57.142857
61 -21.207929 40.000000
61 -13.902886 57.142857
61 -8.363578 54.285714
61 -13.850368 50.000000
61 -24.636135 34.285714
61 -22.591362 40.000000
61 -21.969686 37.142857
61 -13.053131 34.285714
61 -7.859301 64.285714
61 -21.672730 42.857143
61 -18.655272 42.857143
61 -20.578316 47.142857
61 -10.773426 61.428571
61 -15.818684 51.428571
61 -19.060390 48.571429
61 -20.031668 55.714286
61 -14.998452 52.857143
61 -11.877251 51.428571
61 -22.184302 41.428571
61 -17.931826 38.571429
61 -9.792696 28.571429
61 -11.321744 38.571429
61 -9.730874 52.857143
61 -18.007742 47.142857
61 -20.169862 42.857143
61 -16.672083 44.285714
61 -23.197157 37.142857
61 -17.594511 42.857143
61 -20.761023 45.714286
61 -21.321597 41.428571
