1 8.761905e-01 1
2 1.714286e-01 0
3 3.238095e-01 1
4 2.000000e-01 0
5 1 1
6 4.000000e-01 0
7 5.428571e-01 1
8 7.142857e-01 1
9 6.857143e-01 1
10 8.380952e-01 1
11 3.333333e-01 0
12 1.809524e-01 0
13 6.285714e-01 1
14 4.952381e-01 1
15 5.333333e-01 1
16 3.238095e-01 0
17 1.809524e-01 0
18 3.142857e-01 0
19 5.333333e-01 1
20 5.238095e-01 1
21 1.428571e-01 0
22 5.238095e-01 1
23 9.809524e-01 1
24 2.571429e-01 0
25 6.476190e-01 1
26 1.619048e-01 0
27 4.571429e-01 1
28 3.904762e-01 1
29 8.000000e-01 1
30 7.142857e-01 1
31 5.333333e-01 1
32 7.238095e-01 1
33 9.238095e-01 1
34 5.142857e-01 1
35 5.047619e-01 1
36 1.904762e-01 1
37 1.142857e-01 0
38 1.904762e-01 0
39 3.428571e-01 1
40 9.809524e-01 1
41 5.523810e-01 1
42 7.333333e-01 1
43 9.047619e-01 1
44 3.904762e-01 1
45 1.333333e-01 0
46 2.857143e-01 1
47 8.571429e-02 0
48 1.904762e-01 1
49 4.380952e-01 0
50 1.428571e-01 0
51 2.571429e-01 0
52 3.333333e-01 1
53 6.095238e-01 1
54 2.952381e-01 1
55 3.714286e-01 1
56 9.142857e-01 1
57 1.047619e-01 0
58 7.238095e-01 1
59 4.190476e-01 1
60 3.523810e-01 1
61 1.809524e-01 0
62 4.000000e-01 0
63 1.714286e-01 0
64 1.523810e-01 0
65 2.190476e-01 1
66 3.428571e-01 1
67 5.238095e-01 1
68 3.619048e-01 1
69 4.571429e-01 1
70 5.142857e-01 1
