1 8.636364e-01 1
2 1.704545e-02 0
3 3.352273e-01 0
4 2.954545e-01 0
5 1 1
6 4.431818e-01 0
7 8.636364e-01 1
8 8.238636e-01 1
9 8.806818e-01 1
10 1 1
11 5.397727e-01 0
12 1.875000e-01 0
13 5.340909e-01 1
14 4.204545e-01 1
15 5.511364e-01 1
16 3.295455e-01 0
17 1.306818e-01 0
18 2.215909e-01 0
19 4.545455e-01 1
20 7.840909e-01 1
21 2.443182e-01 1
22 6.590909e-01 1
23 1 1
24 4.204545e-01 1
25 7.727273e-01 1
26 4.261364e-01 1
27 6.306818e-01 1
28 5.738636e-01 1
29 9.375000e-01 1
30 1 1
31 8.125000e-01 1
32 9.715909e-01 1
33 1 1
34 7.045455e-01 1
35 5.397727e-01 1
36 3.920455e-01 1
37 1.988636e-01 0
38 2.840909e-01 1
39 3.863636e-01 1
40 1 1
41 6.250000e-01 1
42 8.011364e-01 1
43 1 1
44 4.715909e-01 1
45 1.988636e-01 0
46 3.806818e-01 1
47 1.704545e-02 0
48 5.000000e-01 1
49 4.715909e-01 0
50 9.659091e-02 0
51 2.897727e-01 1
52 2.670455e-01 1
53 5.738636e-01 1
54 2.897727e-01 1
55 4.886364e-01 1
56 1 1
57 1.079545e-01 1
58 7.670455e-01 1
59 5.397727e-01 1
60 2.670455e-01 1
61 1.704545e-01 0
62 3.863636e-01 0
63 1.363636e-01 0
64 3.238636e-01 1
65 2.215909e-01 1
66 4.090909e-01 1
67 7.159091e-01 1
68 6.420455e-01 1
69 6.647727e-01 1
70 5.625000e-01 1
