1 8.760331e-01 1
2 1.487603e-01 0
3 2.809917e-01 0
4 1.652893e-01 0
5 1 1
6 3.388430e-01 0
7 5.785124e-01 1
8 6.942149e-01 1
9 7.355372e-01 1
10 8.181818e-01 1
11 3.719008e-01 0
12 2.644628e-01 0
13 6.198347e-01 1
14 4.876033e-01 1
15 4.876033e-01 1
16 3.305785e-01 0
17 1.487603e-01 1
18 3.388430e-01 0
19 6.115702e-01 1
20 4.793388e-01 1
21 1.074380e-01 1
22 4.958678e-01 1
23 9.917355e-01 1
24 2.644628e-01 1
25 6.363636e-01 1
26 2.314050e-01 1
27 4.380165e-01 1
28 3.884298e-01 1
29 8.677686e-01 1
30 7.933884e-01 1
31 6.694215e-01 1
32 7.685950e-01 1
33 1 1
34 5.619835e-01 1
35 4.628099e-01 1
36 1.652893e-01 1
37 1.157025e-01 0
38 1.652893e-01 1
39 3.801653e-01 1
40 1 1
41 5.950413e-01 1
42 7.438017e-01 1
43 9.834711e-01 1
44 4.132231e-01 1
45 3.305785e-02 0
46 3.223140e-01 1
47 3.305785e-02 0
48 2.314050e-01 1
49 4.545455e-01 0
50 4.958678e-02 0
51 3.553719e-01 1
52 4.049587e-01 1
53 6.115702e-01 1
54 3.057851e-01 1
55 4.049587e-01 1
56 9.256198e-01 1
57 8.264463e-02 0
58 6.776860e-01 1
59 3.223140e-01 1
60 3.223140e-01 1
61 1.735537e-01 0
62 3.223140e-01 0
63 1.570248e-01 0
64 1.818182e-01 1
65 2.644628e-01 1
66 4.462810e-01 1
67 4.876033e-01 1
68 3.388430e-01 1
69 3.884298e-01 1
70 4.793388e-01 1
