
  1231
   7.9480000  29.2950000  30.5080000   8.3630000  30.1780000  30.8120000
   8.0030000  29.2450000  29.4750000   6.9630000  29.2700000  30.8240000
   8.6990000  28.1190000  31.1080000   8.6410000  28.1670000  32.1990000
   8.1040000  26.7660000  30.6370000   8.5150000  25.9470000  31.2500000
   7.0230000  26.8170000  30.7820000   8.4250000  26.4660000  29.1340000
   9.5060000  26.4750000  28.9860000   8.0600000  25.4660000  28.9200000
   7.6770000  27.6690000  27.9210000   5.9980000  26.9400000  28.0240000
   6.0580000  25.8650000  27.7080000   5.6040000  26.9940000  29.0820000
   5.3150000  27.5190000  27.3450000  10.1420000  28.1660000  30.6380000
  10.5360000  29.0710000  29.8460000  11.2280000  27.2710000  31.0590000
  10.9100000  26.5780000  31.7780000  12.5890000  27.2560000  30.5240000
  12.9490000  28.2930000  30.4520000  13.5630000  26.3690000  31.3810000
  13.5500000  26.7680000  32.4050000  13.2090000  25.3260000  31.4050000
  15.0270000  26.3560000  30.8210000  15.0800000  25.8990000  29.8220000
  15.3980000  27.3920000  30.7550000  15.8700000  25.5010000  31.8110000
  17.0950000  25.3290000  31.6090000  15.1940000  24.9550000  32.9230000
  15.7000000  24.3810000  33.6170000  14.1870000  25.1240000  33.0540000
  12.5310000  26.6660000  29.1240000  11.9910000  25.5490000  28.9350000
  13.1770000  27.3560000  28.1070000  13.5930000  28.2530000  28.3600000
  13.1600000  26.9500000  26.7190000  12.8020000  25.9270000  26.6560000
  12.3220000  27.8810000  25.8290000  11.4350000  28.1810000  26.3960000
  13.1490000  29.1690000  25.5120000  13.3830000  29.6830000  26.4660000
  14.0980000  28.8800000  24.9810000  12.5590000  29.8650000  24.8630000
  11.8650000  27.1610000  24.5330000  11.3530000  26.2440000  24.8330000
  11.1730000  27.8310000  24.0190000  13.0020000  26.7760000  23.5310000
  13.5350000  27.7040000  23.1940000  13.7190000  26.0750000  24.0300000
  12.5710000  26.2720000  22.6480000  14.5880000  27.0060000  26.2270000
  15.3470000  27.8970000  26.6210000  15.1780000  25.9760000  25.2920000
  14.4950000  25.2430000  25.0790000  16.4720000  25.9790000  24.6340000
  17.1200000  26.7340000  25.0610000  17.1370000  24.5580000  24.6710000
  17.1650000  24.2170000  25.6960000  16.5470000  23.8590000  24.0910000
  18.5440000  24.6020000  24.1030000  18.7920000  24.4450000  22.7450000
  17.9570000  24.2910000  22.0680000  20.0980000  24.4820000  22.2440000
  20.2840000  24.3570000  21.1710000  21.1680000  24.6750000  23.0860000
  22.1940000  24.7050000  22.6820000  20.9290000  24.8290000  24.4430000
  21.7650000  24.9810000  25.1200000  19.6240000  24.7880000  24.9390000
  19.4410000  24.9070000  26.0130000  16.2060000  26.2840000  23.1890000
  15.5960000  25.4590000  22.4880000  16.7670000  27.4090000  22.6540000
  17.1110000  28.0670000  23.3420000  16.6880000  27.8090000  21.2780000
  16.0570000  27.1330000  20.7320000  16.2430000  29.2390000  21.0780000
  16.9070000  29.8890000  21.6160000  16.3490000  29.5750000  19.5760000
  17.3980000  29.4540000  19.2380000  15.6970000  28.8890000  19.0070000
  16.0260000  30.6220000  19.4090000  14.8150000  29.3970000  21.6560000
  14.1260000  28.7090000  21.1340000  14.8220000  29.1540000  22.7330000
  14.4730000  30.4440000  21.5170000  18.1000000  27.7020000  20.8070000
  18.9600000  28.4930000  21.2100000  18.2800000  26.7590000  19.8520000
  17.4630000  26.2860000  19.4520000  19.6160000  26.4310000  19.4090000
  20.3140000  26.6410000  20.2050000  19.7780000  24.9400000  18.9740000
  19.5110000  24.3070000  19.8010000  19.1030000  24.7410000  18.1520000
  21.2260000  24.5890000  18.5330000  21.4200000  25.0760000  17.5960000
  21.9180000  24.9720000  19.2770000  21.4800000  23.0680000  18.3550000
  22.5330000  22.8680000  18.5520000  20.8640000  22.5340000  19.0620000
  21.1410000  22.5410000  16.9480000  21.2510000  21.4590000  16.9180000
  20.1150000  22.8080000  16.7040000  22.0770000  23.1550000  15.9630000
  21.9740000  24.1780000  15.9910000  23.0480000  22.9040000  16.1940000
  21.8500000  22.8040000  15.0320000  20.0070000  27.2450000  18.2320000
  19.6630000  26.9160000  17.0880000  20.5520000  28.6150000  18.2770000
  20.5710000  28.9810000  19.2250000  21.2830000  29.3020000  17.2640000
  20.9720000  29.0020000  16.2790000  21.3300000  30.8170000  17.4380000
  21.9040000  31.2430000  16.6340000  19.8750000  31.3830000  17.3990000
  19.4070000  31.1250000  16.4290000  19.2730000  30.9360000  18.2140000
  19.9060000  32.4920000  17.5260000  21.9620000  31.1650000  18.6720000
  21.9860000  32.1340000  18.7730000  22.6420000  28.7720000  17.6090000
  22.7310000  27.8010000  18.3680000  23.7100000  29.3590000  16.9080000
  23.7640000  30.1530000  16.2620000  24.9080000  28.5380000  17.2780000
  24.6540000  27.4440000  17.1160000  26.2520000  28.8680000  16.4670000
  26.4820000  29.9740000  16.6050000  27.1190000  28.2680000  16.8470000
  26.0990000  28.5080000  14.9440000  25.7370000  27.4400000  14.8430000
  24.9540000  29.4290000  14.3100000  23.9240000  29.2490000  14.8030000
  25.2510000  30.5490000  14.4490000  24.8690000  29.1490000  13.2240000
  27.5400000  28.5690000  14.2150000  27.9870000  29.6390000  14.3460000
  28.2750000  27.8050000  14.6440000  27.3890000  28.3070000  13.1330000
  25.2430000  28.8220000  18.7570000  25.4450000  27.8380000  19.5020000
  24.8680000  30.1370000  19.0990000  24.4640000  30.8010000  18.4490000
  25.2600000  30.6480000  20.4180000  26.2820000  30.2990000  20.5720000
  25.3330000  32.1740000  20.4740000  25.9590000  32.5190000  19.6640000
  23.8830000  32.7550000  20.3240000  23.4540000  32.4160000  19.3530000
  23.2290000  32.3910000  21.1470000  23.9290000  33.8750000  20.3650000
  25.9160000  32.6170000  21.7120000  25.9600000  33.5940000  21.7400000
  24.4500000  30.2140000  21.6430000  25.0610000  29.6550000  22.5590000
  23.0750000  30.2990000  21.9980000  22.5280000  30.6110000  21.2050000
  22.4520000  29.9950000  23.2860000  22.5560000  28.9300000  23.4670000
  22.9740000  30.5580000  24.0540000  20.9550000  30.3570000  23.3460000
  20.3310000  30.5920000  22.3100000  20.0670000  30.5480000  24.6960000
  20.5500000  30.4770000  25.5810000  18.6090000  30.7970000  24.7140000
  18.3910000  31.6410000  24.0630000  17.8540000  29.5350000  24.2290000
  16.8020000  29.6270000  24.5180000  17.9470000  29.4840000  23.1510000
  18.4250000  28.2070000  24.8380000  17.8920000  27.3620000  24.4160000
  19.4810000  28.1370000  24.5640000  18.2900000  28.1120000  26.3770000
  18.6640000  29.0450000  26.7900000  17.2340000  28.0050000  26.6370000
  19.0590000  26.9260000  27.0180000  18.6920000  25.9800000  26.6270000
  20.1210000  27.0220000  26.7820000  18.8510000  26.9420000  28.4970000
  19.1990000  27.8350000  28.8690000  17.8470000  26.8500000  28.7220000
  19.3640000  26.1510000  28.9130000  18.0130000  31.0840000  26.1180000
  18.7140000  30.9200000  27.1160000  16.4700000  31.4020000  26.4450000
  16.0360000  31.6900000  25.5740000  15.6330000  31.4880000  27.6650000
  15.5030000  30.4910000  28.0780000  16.2210000  32.3850000  28.7160000
  17.2490000  32.0930000  28.8870000  16.1810000  33.8570000  28.2020000
  16.7780000  33.9410000  27.2650000  15.1260000  34.1560000  28.0100000
  16.6100000  34.5290000  28.9640000  15.4720000  32.2620000  29.9380000
  15.8570000  32.8400000  30.6020000  14.2480000  32.0730000  27.3100000
  14.1860000  33.0120000  26.4950000  12.7590000  31.7850000  27.8010000
  12.7630000  31.0450000  28.5290000  11.4790000  32.3920000  27.3430000
  11.6470000  33.4470000  27.1010000  10.8810000  31.7360000  26.1280000
  10.0140000  32.3370000  25.8340000  11.9360000  31.7920000  24.9530000
  12.1800000  32.8650000  24.7140000  12.8670000  31.2340000  25.2530000
  11.5170000  31.3150000  24.0500000  10.3920000  30.2900000  26.4920000
  11.2670000  29.6320000  26.6060000   9.8290000  30.3290000  27.4380000
   9.4830000  29.6860000  25.4220000   8.5730000  30.3430000  25.2980000
  10.0490000  29.6280000  24.4450000   9.1740000  28.6530000  25.7500000
  10.3630000  32.3100000  28.4150000  10.4820000  31.5970000  29.4460000
   8.9980000  33.2010000  28.0730000   8.9560000  33.7670000  27.2030000
   7.8170000  33.1730000  28.9610000   8.1110000  32.8200000  29.9560000
   7.0940000  34.5290000  29.0910000   7.8080000  35.2910000  29.3380000
   6.4440000  34.9020000  27.7140000   7.2380000  34.9620000  26.9100000
   5.7190000  34.1130000  27.4490000   5.9090000  35.8970000  27.7960000
   6.0850000  34.4630000  30.1430000   5.6270000  35.3350000  30.2190000
   6.8260000  32.1970000  28.3890000   6.9390000  31.7880000  27.2060000
   5.6880000  31.8570000  29.0610000   5.6440000  32.2810000  30.0030000
   4.6650000  30.8920000  28.7330000   5.1560000  29.9710000  28.3680000
   3.7460000  30.5250000  29.9750000   3.2800000  31.4550000  30.3580000
   2.9750000  29.8570000  29.6370000   4.5060000  29.8030000  31.1570000
   5.0770000  28.9630000  30.7180000   5.5300000  30.7560000  31.7970000
   6.2780000  31.0750000  31.0060000   4.9910000  31.6710000  32.2080000
   6.0530000  30.2080000  32.6360000   3.5160000  29.1890000  32.2270000
   2.8620000  30.0140000  32.6610000   2.8840000  28.4310000  31.7300000
   4.0910000  28.6810000  33.0550000   3.7600000  31.4520000  27.6350000
   3.3560000  30.7070000  26.7270000   3.3100000  32.7660000  27.8340000
   3.7590000  33.3430000  28.5420000   2.3470000  33.4210000  26.9460000
   1.4240000  32.8690000  27.0280000   2.0400000  34.9290000  27.3280000
   1.3030000  35.3370000  26.6330000   1.6260000  34.9460000  28.3560000
   3.2670000  35.8590000  27.2630000   4.0170000  35.4880000  27.9630000
   3.6930000  35.8800000  26.2400000   2.7790000  37.2960000  27.6700000
   2.2410000  37.4450000  28.8460000   2.9330000  38.2600000  26.8100000
   2.8390000  33.3770000  25.4820000   2.0290000  33.3650000  24.5430000
   4.1360000  33.0290000  25.5060000   4.7350000  32.8990000  26.3250000
   4.7540000  33.2360000  24.1900000   4.4720000  34.2330000  23.8430000
   6.2760000  33.1450000  24.2020000   6.6370000  33.7960000  24.9760000
   6.7100000  31.6780000  24.5490000   6.2990000  31.3930000  25.5580000
   6.3170000  30.9930000  23.7760000   7.8250000  31.5970000  24.5610000
   6.8140000  33.6450000  22.8100000   6.4200000  33.0050000  22.0000000
   6.4780000  34.7030000  22.6360000   7.9300000  33.5860000  22.7980000
   4.2760000  32.2500000  23.1580000   3.9150000  31.1020000  23.4790000
   3.9540000  32.7350000  21.8000000   4.2120000  33.7100000  21.6720000
   3.6460000  31.9920000  20.5930000   3.2830000  31.0150000  20.8680000
   2.6120000  32.7410000  19.6630000   2.3770000  32.1000000  18.8220000
   1.7000000  32.9460000  20.2500000   3.1270000  34.0760000  19.0790000
   3.3500000  34.7470000  19.8980000   4.0330000  33.9000000  18.4740000
   1.9970000  34.6840000  18.1840000   0.8370000  34.1610000  18.2490000
   2.2770000  35.6810000  17.4250000   4.9610000  31.8680000  19.7940000
   5.8770000  32.6690000  19.9910000   5.0710000  30.8330000  18.9310000
   4.6330000  29.4780000  19.2850000   3.5810000  29.3580000  19.0270000
   4.7680000  29.2830000  20.3560000   5.5430000  28.5180000  18.4420000
   4.9350000  27.8010000  17.9210000   6.2620000  27.9960000  19.0870000
   6.2830000  29.4380000  17.4110000   5.7230000  29.5460000  16.4770000
   7.2920000  29.0620000  17.1910000   6.3210000  30.7600000  18.1740000
   7.1070000  30.6330000  18.9180000   6.6910000  31.9860000  17.3560000
   7.9050000  32.2460000  17.2230000   5.6020000  32.7950000  16.8900000
   4.5890000  32.5180000  16.8730000   6.0450000  34.0360000  16.2620000
   6.8370000  33.8450000  15.5040000   4.8350000  34.8140000  15.5730000
   4.3800000  34.2150000  14.7750000   4.0610000  35.0340000  16.3440000
   5.3290000  36.0310000  14.9710000   4.5650000  36.5080000  14.5440000
   6.6260000  34.8930000  17.3830000   7.6800000  35.5720000  17.1860000
   6.2790000  34.9990000  18.5930000   5.3790000  34.4880000  18.7510000
   6.7980000  35.8140000  19.6760000   6.9970000  36.8070000  19.2460000
   5.7570000  35.9270000  20.9070000   4.7250000  36.1750000  20.5200000
   5.7320000  34.9830000  21.4970000   6.2440000  37.0380000  21.8350000
   7.3740000  37.6250000  21.5150000   5.4900000  37.3150000  22.8770000
   8.1450000  35.2080000  20.2330000   9.1250000  35.9390000  20.5210000
   8.4900000  33.8940000  20.1290000   7.7100000  33.2810000  19.9020000
   9.7810000  33.3350000  20.4980000  10.0940000  33.7730000  21.4280000
   9.7620000  31.8370000  20.6780000   8.9450000  31.5640000  21.3350000
   9.5510000  31.1710000  19.3040000   8.5800000  31.5060000  18.8690000
  10.3820000  31.4560000  18.6190000   9.5370000  30.0740000  19.4380000
  11.0000000  31.3950000  21.2580000  10.9820000  30.4370000  21.3710000
  10.8000000  33.6880000  19.4350000  11.9540000  34.0280000  19.7510000
  10.2850000  33.5490000  18.7600000   9.3140000  33.3060000  18.6050000
  11.1480000  33.8480000  17.6500000  12.0130000  33.2160000  17.7220000
  10.5060000  33.6180000  16.3060000  10.0850000  32.6310000  16.3100000
   9.3520000  34.6180000  16.1130000   8.6020000  34.4710000  16.9090000
   9.7470000  35.6480000  16.1600000   8.8790000  34.4530000  15.1300000
  11.5740000  33.6750000  15.1970000  11.8810000  34.6980000  15.0650000
  12.4190000  33.0850000  15.5060000  11.0710000  33.1440000  13.8540000
  10.7620000  32.0900000  13.9700000  10.2080000  33.7460000  13.5170000
  11.8810000  33.2130000  13.1080000  11.6080000  35.2760000  17.7220000
  12.7950000  35.5640000  17.5420000  10.5760000  36.3700000  18.2090000
   9.6070000  36.0680000  18.3370000  10.9660000  37.7620000  18.4100000
  11.4550000  38.1250000  17.5090000   9.7830000  38.7020000  18.7090000
  10.1650000  39.7250000  18.7380000   9.0560000  38.6040000  17.8980000
   9.0680000  38.4010000  20.0500000   8.5250000  37.4540000  19.9880000
   9.7920000  38.3560000  20.8680000   8.0920000  39.5490000  20.2840000
   7.5660000  40.1140000  19.2590000   7.8650000  39.8830000  21.4930000
  11.9480000  37.8700000  19.5680000  12.9040000  38.6790000  19.5200000
  12.2880000  37.2290000  20.3080000  11.4360000  36.6470000  20.3770000
  13.1880000  37.3410000  21.4510000  13.3140000  38.3910000  21.6790000
  12.6590000  36.5690000  22.7140000  12.3830000  35.5500000  22.4610000
  13.4390000  36.5440000  23.4800000  11.4070000  37.3200000  23.2190000
  11.2910000  38.5550000  23.0440000  10.4420000  36.5570000  23.8700000
   9.5920000  37.0030000  24.2280000  10.5750000  35.5460000  23.9970000
  14.5530000  36.7580000  21.1100000  15.6130000  37.3510000  21.4230000
  14.5540000  35.8320000  20.1170000  13.6950000  35.3260000  19.9350000
  15.7830000  35.3660000  19.5280000  16.5020000  35.1830000  20.3140000
  15.6040000  34.0980000  18.7160000  14.8690000  34.2860000  17.9450000
  16.9440000  33.7430000  18.0380000  17.2420000  34.5750000  17.3750000
  17.7210000  33.5850000  18.8180000  16.8280000  32.8140000  17.4380000
  15.0750000  32.9890000  19.6490000  15.8020000  32.8120000  20.4720000
  14.1070000  33.3100000  20.0760000  14.9380000  32.0510000  19.0680000
  16.3070000  36.4250000  18.6130000  17.4870000  36.7770000  18.6740000
  15.1460000  36.9310000  18.1780000  14.1860000  36.6180000  18.3250000
  15.3810000  38.0390000  17.2470000  16.1200000  37.6960000  16.4800000
  14.0740000  38.5850000  16.4810000  14.3510000  39.3760000  15.7730000
  13.6650000  37.7570000  15.8960000  12.9520000  39.1760000  17.4570000
  12.4990000  38.3440000  17.9890000  13.4150000  39.8290000  18.2120000
  11.8150000  40.0100000  16.6900000  12.2440000  40.9130000  16.2710000
  11.4420000  39.3990000  15.8460000  10.6010000  40.4510000  17.6280000
   9.8020000  40.9270000  16.9950000  10.2240000  39.5670000  18.1350000
  11.0370000  41.4360000  18.7050000  11.7910000  40.9880000  19.3050000
  11.3930000  42.2740000  18.2280000  10.2250000  41.7210000  19.3200000
  15.9460000  39.1990000  18.0500000  16.9070000  39.8260000  17.5820000
  15.3500000  39.7120000  19.3920000  14.5540000  39.1480000  19.6590000
  15.7890000  40.7960000  20.3080000  15.7860000  41.7540000  19.7410000
  14.8980000  40.9890000  21.6130000  13.8490000  41.2590000  21.2820000
  14.9230000  40.0150000  22.2170000  15.2830000  41.8340000  22.2760000
  17.1960000  40.4330000  20.8130000  18.0620000  41.3160000  20.8590000
  17.7330000  39.3940000  20.5240000  16.9770000  38.7190000  20.4860000
  18.9920000  39.0240000  21.1620000  19.2090000  39.7410000  21.9560000
  18.9590000  37.5980000  21.7700000  18.6400000  36.9010000  20.9890000
  19.9630000  37.3270000  22.1090000  18.0010000  37.4900000  22.9710000
  18.4780000  37.9370000  23.8490000  17.0850000  38.0410000  22.7340000
  17.6340000  36.0320000  23.3080000  17.2420000  36.0220000  24.3200000
  16.8660000  35.7070000  22.6010000  18.8280000  35.0280000  23.2320000
  19.7110000  35.4850000  23.6720000  18.5900000  34.1350000  23.7860000
  19.0970000  34.6530000  21.7990000  18.2650000  34.2190000  21.3810000
  19.3230000  35.4960000  21.2730000  19.8890000  33.9880000  21.7610000
  20.1180000  39.0230000  20.1570000  21.1790000  39.6010000  20.4410000
  19.8400000  38.4640000  18.8330000  18.9620000  37.9920000  18.6250000
  20.9200000  38.5640000  17.8190000  21.8720000  38.6950000  18.3460000
  21.0580000  37.3340000  16.9070000  21.8950000  37.4720000  16.2000000
  21.4220000  36.0970000  17.8370000  22.3980000  36.2570000  18.3770000
  20.5980000  35.9680000  18.6120000  21.5290000  35.1820000  17.1880000
  19.7410000  37.1840000  16.0470000  18.9340000  36.8920000  16.7390000
  19.4690000  38.1480000  15.5820000  19.8900000  36.1300000  14.8910000
  20.7080000  36.4180000  14.1640000  20.1580000  35.1300000  15.3510000
  18.9110000  36.0810000  14.3250000  20.6390000  39.7520000  16.8710000
  21.1600000  39.7780000  15.7010000  19.9920000  41.0180000  17.1170000
  20.1840000  40.2940000  18.5900000  18.7860000  42.8590000  17.0560000
  17.9760000  43.1090000  18.6150000  19.9630000  43.9270000  16.6820000
  20.8980000  43.5830000  15.2080000  18.9700000  45.2810000  16.4820000
  21.2100000  43.6180000  18.5770000  22.0720000  42.2490000  18.9640000
  22.1450000  44.2470000  18.1270000  19.8440000  44.3830000  20.5520000
  19.5610000  43.4370000  22.1140000  18.9600000  46.1470000  20.4790000
  18.0340000  46.7280000  21.7430000  19.2310000  46.8760000  19.1610000
  17.3610000  43.5200000  15.3160000  17.2290000  44.7930000  14.0230000
  17.5370000  42.0450000  15.1550000  17.4350000  41.0910000  16.0020000
  16.9120000  42.2130000  13.6530000  17.2040000  43.2890000  12.9480000
  17.5970000  40.9070000  12.6700000  17.0880000  41.1600000  11.5610000
  18.8950000  40.8360000  12.4360000  17.1530000  39.3700000  13.6030000
  16.9150000  39.2470000  15.0960000  17.0540000  38.3050000  12.8500000
  15.0950000  42.3400000  13.9630000  14.4220000  41.2920000  14.8230000
  13.2290000  44.9480000  13.2460000  13.4320000  47.7420000  13.0320000
  10.4310000  44.1530000  14.0570000   9.4130000  41.6730000  15.5360000
   7.7280000  47.5470000  15.2050000   8.7610000  50.1470000  13.8200000
   5.7710000  46.9210000  15.6570000   6.3090000  48.1910000  17.6450000
   4.7180000  45.9380000  19.1660000   8.3310000  47.9800000  17.3170000
   4.3370000  52.1150000  18.4890000   5.9130000  54.3830000  16.9790000
   2.3080000  52.3440000  18.8290000   2.9710000  52.6420000  20.9330000
   1.4610000  55.3520000  21.5040000   1.4990000  50.2940000  22.4260000
   5.7170000  52.6540000  20.4660000   7.1360000  50.0960000  19.9320000
   7.1040000  54.8730000  19.0530000   4.7860000  53.0040000  22.0930000
  11.2510000  43.2160000  11.9780000  10.0070000  40.5210000  12.4460000
  11.1590000  43.4240000  11.9920000  12.2800000  44.3010000  11.3910000
  10.5040000  42.5870000  11.0080000   8.8990000  42.5080000  11.6040000
  10.8510000  43.8540000   9.0490000  12.4430000  44.0200000   8.4720000
  10.4650000  43.0530000   8.3900000   9.5490000  45.9840000   8.7880000
   7.9480000  45.8490000   9.3480000   9.9300000  46.8190000   9.4220000
  10.0040000  47.0970000   6.8120000   9.1070000  46.7130000   5.9560000
  11.2520000  48.3500000   6.1360000  11.6520000  40.4700000  11.1040000
  13.2580000  40.1370000   9.9660000  10.7330000  39.9700000  11.3340000
   9.8330000  40.6350000  11.8580000  10.9140000  38.3470000  11.9570000
  12.1610000  37.9890000  12.1330000  10.1720000  38.1540000  13.0470000
  10.4260000  37.3950000  10.9060000  11.0830000  36.0720000  10.8790000
   9.0690000  38.1530000  10.7740000   8.7090000  39.3190000  10.8020000
   8.2960000  37.3540000   9.8610000   7.8650000  36.4150000  10.7210000
   6.7950000  38.3660000   9.2090000   5.9570000  38.6180000  10.2610000
   7.1690000  39.9680000   8.2950000   7.5800000  40.5930000   9.1310000
   8.1250000  39.7820000   7.2620000   6.0700000  40.6770000   7.8370000
   5.9490000  37.4770000   8.2700000   5.8120000  36.3590000   9.0030000
   4.7790000  38.1580000   8.1040000   6.8260000  37.1680000   6.5950000
   6.9650000  38.2990000   5.8080000   8.0260000  36.4520000   6.7310000
   6.1180000  36.5310000   6.0370000   9.4690000  36.5630000   8.5990000
   9.2530000  35.2690000   8.3930000  10.8360000  36.8880000   7.9590000
  11.1300000  38.4420000   7.6830000  10.9720000  39.0040000   8.6820000
  10.4460000  38.9950000   6.9070000  12.7220000  38.3850000   7.0520000
  13.4210000  38.3650000   7.9110000  12.9170000  39.3230000   6.2880000
  12.9500000  36.9230000   6.2720000  14.0250000  36.4170000   6.3570000
  12.7710000  37.1220000   5.1370000  11.8290000  35.9290000   7.0770000
  11.2350000  35.5470000   6.2630000  12.5030000  34.5680000   7.8760000
  12.8520000  33.4680000   7.1710000  13.0320000  34.4480000   8.9360000
  13.6060000  35.7480000   9.3170000  12.8130000  36.6020000   9.2940000
  14.4700000  36.0000000   8.5970000  14.1030000  35.4450000  10.8410000
  13.2680000  35.6770000  11.6200000  14.9800000  36.0460000  11.0350000
  14.5370000  33.8630000  10.8750000  14.3110000  33.3910000  11.9170000
  15.6370000  33.6870000  10.5990000  13.6530000  33.2570000   9.7540000
  14.3780000  32.7070000   9.0350000  12.6960000  32.1900000  10.4000000
  11.4230000  32.4840000  10.5360000  13.0480000  30.4150000  10.7650000
  14.0710000  30.2910000  10.8090000  12.1930000  29.3620000  11.3390000
  11.2810000  29.8060000  11.7670000  11.8280000  28.2600000  10.3090000
  11.4690000  28.7480000   9.4050000  12.7170000  27.6490000  10.0720000
  10.7120000  27.3430000  10.9120000  10.0450000  27.7600000  11.9340000
  10.5130000  26.2100000  10.3540000  12.9910000  28.6470000  12.4180000
  14.2370000  28.7760000  12.4680000  12.3870000  28.0880000  13.4150000
  11.4100000  28.3020000  13.2680000  12.7770000  27.3450000  14.5810000
  13.8440000  27.3490000  14.6720000  12.1420000  27.8600000  15.8810000
  12.5380000  27.2910000  16.7010000  12.4060000  28.8940000  16.0020000
  10.6160000  27.7440000  15.9020000  10.3220000  26.7510000  15.6180000
  10.2460000  27.9580000  16.8870000  10.0580000  28.7540000  14.9090000
   9.0170000  28.5270000  14.2950000  10.7660000  29.9070000  14.7490000
  10.4430000  30.6140000  14.1030000  11.6170000  30.0540000  15.2750000
  12.2930000  25.9440000  14.3710000  11.1100000  25.7150000  14.1060000
  13.0130000  24.8080000  14.6910000  13.9430000  25.1870000  14.8710000
  12.7910000  23.3790000  14.5930000  11.7410000  23.2000000  14.4160000
  13.5920000  22.7070000  13.4630000  13.3340000  23.1950000  12.5290000
  14.6450000  22.8440000  13.6720000  13.3100000  21.1920000  13.3210000
  13.5920000  20.6760000  14.2330000  12.2590000  21.0280000  13.1160000
  14.1390000  20.6660000  12.1580000  14.2050000  19.4440000  11.9320000
  14.7910000  21.6080000  11.4040000  15.3580000  21.3140000  10.6210000
  14.7090000  22.6000000  11.6280000  13.1910000  22.7180000  15.8910000
  14.1470000  23.1420000  16.5680000  12.0820000  21.4630000  16.5100000
  11.3370000  21.2810000  15.8440000  12.0750000  20.7840000  17.8140000
  13.0890000  20.5740000  18.1190000  11.3310000  21.5890000  18.9490000
  11.3450000  20.9930000  19.8740000  11.8430000  22.5280000  19.1100000
   9.8720000  21.9190000  18.5830000   9.8690000  22.5090000  17.6520000
   9.3700000  20.9750000  18.4190000   9.0820000  22.7220000  19.6730000
   8.8670000  22.0830000  20.5420000   9.6410000  23.5870000  19.9960000
   7.8130000  23.1770000  19.0020000   7.7200000  24.1390000  18.6300000
   6.7740000  22.2970000  18.8890000   6.8430000  21.0480000  19.5140000
   7.6580000  20.7790000  20.0700000   6.0780000  20.3920000  19.4210000
   5.6800000  22.6600000  18.1260000   5.6370000  23.5820000  17.6560000
   4.9130000  22.0070000  18.0310000  11.3660000  19.4750000  17.6320000
  10.7010000  19.2620000  16.6030000  11.3940000  18.5080000  18.8210000
  11.9670000  18.8080000  19.6350000  10.7590000  17.1850000  18.8400000
  10.5480000  16.8770000  17.7810000  11.5890000  16.0090000  19.5700000
  11.8420000  16.3570000  20.6080000  10.9860000  15.0970000  19.6510000
  12.8960000  15.6060000  18.7720000  12.6220000  15.3560000  17.7150000
  13.8430000  16.8490000  18.6830000  13.3390000  17.7290000  18.1230000
  14.1040000  17.1830000  19.7540000  14.7650000  16.5240000  18.1070000
  13.5720000  14.2780000  19.4040000  13.8150000  14.4690000  20.5180000
  12.8820000  13.3990000  19.3360000  14.5010000  14.0170000  18.8130000
   9.4730000  17.3810000  19.6380000   9.3620000  18.2100000  20.6270000
   8.4910000  16.6290000  19.2640000   8.6960000  16.0290000  18.4140000
   7.1330000  16.7060000  19.8370000   7.0510000  17.4690000  20.6480000
   6.0830000  17.0410000  18.7270000   6.3150000  16.3800000  17.8490000
   4.6430000  16.7350000  19.2690000   4.6030000  15.6250000  19.5570000
   4.3890000  17.3720000  20.2010000   3.9040000  16.9890000  18.4380000
   6.2190000  18.5540000  18.2240000   5.9560000  19.2260000  19.0890000
   7.2590000  18.6860000  17.9070000   5.3140000  18.9830000  16.9900000
   5.5760000  18.3140000  16.0850000   4.2390000  18.8690000  17.2980000
   5.4750000  20.0750000  16.7000000   6.9580000  15.2960000  20.4590000
   7.8000000  14.3550000  20.1530000   5.8920000  15.0260000  21.5220000
   5.2340000  15.8610000  21.7170000   5.6490000  13.6950000  22.1840000
   6.4590000  13.3970000  22.8980000   4.2330000  13.6350000  22.9720000
   3.4500000  14.1490000  22.3300000   4.0040000  12.5640000  23.1610000
   4.2620000  14.3480000  24.3600000   4.1080000  15.7780000  24.4310000
   3.9640000  16.4090000  23.4670000   4.1350000  16.4110000  25.7260000
   4.0210000  17.5420000  25.7730000   4.3040000  15.6270000  26.9590000
   4.3170000  16.1340000  27.9750000   4.4560000  14.1970000  26.8960000
   4.5970000  13.5680000  27.8620000   4.4280000  13.5690000  25.6010000
   4.5390000  12.4390000  25.5550000   5.6360000  12.6610000  21.0260000
   6.3920000  11.5850000  21.0710000   4.7830000  12.9660000  20.0630000
   4.1440000  13.8410000  20.0730000   4.7470000  11.9990000  18.9060000
   4.6200000  10.9590000  19.3220000   3.6080000  12.4050000  17.8460000
   2.6070000  12.4260000  18.4120000   3.7690000  13.4550000  17.3820000
   3.6310000  11.6260000  16.9860000   6.0830000  12.0310000  18.1020000
   6.6910000  10.9420000  17.6710000   6.5230000  13.4220000  17.8080000
   6.0050000  14.2380000  18.2670000   7.7490000  13.6770000  17.0200000
   8.4120000  14.2700000  17.6380000   8.2650000  12.7080000  16.7300000
   7.3330000  14.4880000  15.7230000   6.8020000  13.9170000  14.7350000
   7.6690000  16.0370000  15.6360000   8.1180000  16.4830000  16.4630000
   7.2340000  16.8940000  14.4640000   7.5160000  16.3750000  13.5040000
   5.6980000  17.2500000  14.4510000   5.4110000  17.7040000  15.4470000
   5.4820000  17.9880000  13.6240000   4.8570000  15.9750000  14.2100000
   4.9550000  15.6830000  13.1240000   5.2610000  15.1440000  14.8620000
   3.3470000  16.2060000  14.5530000   3.2450000  16.5000000  15.6400000
   2.9380000  17.0330000  13.8990000   2.5310000  14.9150000  14.3080000
   2.5540000  14.6630000  13.2070000   2.9750000  14.0590000  14.9000000
   1.1070000  15.1770000  14.7650000   1.0820000  15.4130000  15.8050000
   0.6850000  15.9830000  14.2050000   0.5790000  14.3150000  14.5960000
   7.9690000  18.2250000  14.5550000   8.8620000  18.3470000  15.4420000
   7.5600000  19.5220000  13.5440000   6.7490000  19.4700000  12.9280000
   8.2960000  20.7710000  13.5870000   9.1780000  20.6090000  14.1970000
   8.7410000  21.2420000  12.1610000   7.8620000  21.3900000  11.5390000
   9.2550000  22.1830000  12.2560000   9.6880000  20.2120000  11.4690000
  10.6110000  20.1150000  12.0320000   9.2140000  19.2450000  11.4250000
   9.9760000  20.7210000  10.0370000  10.6680000  20.0490000   9.2330000
   9.4200000  21.9470000   9.7030000   9.5720000  22.3420000   8.7620000
   8.8540000  22.4640000  10.3940000   7.4460000  21.8920000  14.2270000
   6.2560000  21.6990000  14.5120000   8.1010000  23.3550000  14.3930000
   9.0520000  23.4760000  14.0360000   7.4340000  24.4480000  15.1360000
   6.5880000  24.0430000  15.6810000   8.3680000  25.1150000  16.1730000
   8.7640000  24.3390000  16.8430000   9.1840000  25.5770000  15.6230000
   7.6480000  26.2100000  17.0450000   7.1590000  26.9060000  16.3540000
   6.5360000  25.5770000  17.9380000   5.7900000  25.1010000  17.2790000
   6.9900000  24.8030000  18.6210000   6.0330000  26.3750000  18.5530000
   8.6520000  27.0290000  17.8780000   9.2170000  26.3400000  18.5670000
   9.3630000  27.5360000  17.1780000   8.0960000  27.7980000  18.4850000
   6.9270000  25.5480000  14.1940000   7.6870000  26.1220000  13.3830000
   5.7950000  26.0090000  14.2410000   5.1250000  25.5540000  14.8900000
   5.3390000  27.0700000  13.3060000   6.1960000  27.3570000  12.6720000
   4.1780000  26.6690000  12.3470000   3.3780000  26.2310000  12.9660000
   3.7810000  27.5670000  11.8220000   4.6740000  25.6370000  11.2640000
   5.4770000  26.0610000  10.6390000   5.0560000  24.7250000  11.7770000
   3.4750000  25.3060000  10.3510000   2.3130000  25.8400000  10.6300000
   3.7110000  24.5150000   9.3550000   4.8700000  28.2760000  14.1280000
   4.4160000  28.1530000  15.3190000   5.1200000  29.7710000  13.6130000
   5.5420000  29.9340000  12.6750000   4.6270000  30.9020000  14.3810000
   4.9440000  30.8290000  15.4350000   5.0800000  32.2400000  13.7420000
   4.7490000  32.3020000  12.6880000   4.6370000  33.0570000  14.3090000
   6.6460000  32.2980000  13.8110000   7.2620000  31.4490000  14.5600000
   7.2420000  33.1950000  13.1200000   3.0960000  30.8510000  14.2680000
   2.5580000  29.8150000  13.9030000   2.6490000  32.0770000  14.5300000
   3.1170000  32.8300000  15.0200000   1.2000000  32.2220000  14.1820000
   0.9200000  33.2780000  14.1180000   1.0420000  31.7720000  13.1890000
   0.2790000  31.5610000  15.2420000  -0.9410000  31.9470000  15.3670000
   0.9380000  30.5780000  16.1130000   1.9540000  30.2830000  16.0190000
   0.0580000  29.9250000  17.1250000  -0.9280000  30.4620000  17.1960000
  -0.1620000  28.4250000  16.8370000   0.8380000  27.9050000  16.8030000
  -0.7760000  28.0130000  17.6770000  -0.9080000  28.2010000  15.4510000
  -0.1880000  28.3730000  14.6040000  -1.2270000  27.1740000  15.4380000
  -2.1970000  29.1340000  15.2340000  -1.9170000  30.1690000  15.3090000
  -2.6340000  28.9730000  14.2200000  -3.2280000  28.8010000  16.3540000
  -3.1840000  29.2450000  17.2970000  -4.2340000  27.8970000  16.1070000
  -4.3100000  27.3140000  14.8240000  -3.6210000  27.5510000  14.0580000
  -5.0560000  26.6460000  14.6390000  -5.1680000  27.5800000  17.1420000
  -5.1120000  28.0140000  18.0900000  -5.9140000  26.9130000  16.9600000
   0.8110000  29.9990000  18.4710000   1.9950000  30.4140000  18.4540000
   0.3820000  29.7730000  19.7780000  -0.6000000  29.4930000  19.8700000
   1.2130000  29.8580000  20.9780000   1.8610000  30.7110000  20.8490000
   0.4100000  30.0120000  22.3020000  -0.3210000  30.8380000  22.1870000
  -0.3500000  28.6910000  22.6180000  -1.0490000  28.4940000  21.7720000
   0.3960000  27.8340000  22.7210000  -0.9400000  28.8000000  23.5880000
   1.2990000  30.3000000  23.3920000   0.7780000  30.3960000  24.2340000
   2.0890000  28.5860000  21.0880000   1.7280000  27.5120000  20.5930000
   3.4480000  28.6920000  21.8380000   3.6990000  29.5980000  22.2270000
   4.3930000  27.5660000  21.9320000   4.6140000  27.1860000  20.9310000
   5.7180000  27.9450000  22.6260000   6.1750000  28.7490000  22.0430000
   5.4780000  28.2970000  23.6380000   6.7500000  26.7550000  22.7390000
   6.2230000  25.9160000  23.1840000   7.2620000  26.3020000  21.3230000
   6.4000000  25.9710000  20.7160000   7.7550000  27.1580000  20.7970000
   7.9960000  25.4510000  21.4410000   7.9030000  27.0850000  23.7120000
   8.4360000  27.9870000  23.3270000   7.4810000  27.2910000  24.7390000
   8.6210000  26.2130000  23.7680000   3.7620000  26.4750000  22.7900000
   3.8420000  25.2750000  22.4540000   3.0010000  27.0650000  23.8570000
   2.9540000  28.0920000  24.0020000   2.3250000  26.1860000  24.8480000
   3.0480000  25.4500000  25.2610000   1.6460000  27.0070000  26.0320000
   2.4140000  27.5270000  26.5740000   0.9270000  27.7510000  25.6160000
   0.9550000  26.1060000  26.9620000   0.5340000  26.6260000  27.7000000
   1.2150000  25.4490000  24.1640000   0.8990000  24.2900000  24.5650000
   0.4360000  26.0290000  22.9760000   0.7440000  26.9700000  22.6890000
  -0.6160000  25.4250000  22.1880000  -1.4600000  25.1760000  22.8710000
  -1.1420000  26.3800000  20.9950000  -1.4850000  27.3480000  21.4140000
  -0.3220000  26.5330000  20.2460000  -2.3400000  25.7400000  20.2830000
  -2.8090000  24.6540000  20.8010000  -2.7960000  26.3280000  19.1910000
  -0.0310000  24.1500000  21.5290000  -0.7280000  23.1320000  21.4740000
   1.2620000  24.1720000  21.0110000   1.7920000  25.0330000  21.0990000
   1.8920000  23.0320000  20.2910000   1.1810000  22.6560000  19.5710000
   3.2160000  23.3790000  19.5030000   3.8970000  23.8540000  20.1920000
   3.6990000  22.4580000  19.1050000   2.8720000  24.3390000  18.3300000
   2.6990000  25.7260000  18.5400000   2.8100000  26.1290000  19.5730000
   2.3850000  26.6040000  17.4500000   2.2480000  27.6940000  17.6260000
   2.2460000  26.1010000  16.1370000   1.9260000  27.0020000  15.0180000
   1.8670000  26.4870000  14.1820000   2.4190000  24.7180000  15.9200000
   2.3080000  24.3160000  14.8870000   2.7320000  23.8450000  17.0130000
   2.8710000  22.7540000  16.8360000   2.2500000  21.9210000  21.3220000
   2.6220000  22.1910000  22.4950000   2.1490000  20.6950000  20.9710000
   1.8410000  20.4210000  20.0100000   2.4400000  19.6630000  22.0500000
   2.0750000  20.0590000  23.0500000   1.8040000  18.2510000  21.8120000
   0.7750000  18.4210000  21.4580000   2.4030000  17.6640000  21.0380000
   1.8040000  17.4660000  23.2300000   2.2950000  17.9830000  24.2690000
   1.2490000  16.1920000  23.2800000   1.2270000  15.6310000  24.1960000
   0.8590000  15.8070000  22.4010000   3.9590000  19.4050000  22.0880000
   4.5340000  18.3510000  21.5760000   4.6690000  20.3350000  22.7240000
   4.1770000  21.1720000  23.1440000   6.1140000  20.1740000  22.8390000
   6.5710000  19.8830000  21.8570000   6.7790000  21.4260000  23.3830000
   7.8540000  21.2080000  23.3930000   6.5110000  22.6410000  22.3580000
   6.9450000  22.3760000  21.3230000   5.4050000  22.8460000  22.2820000
   6.9890000  23.5720000  22.7350000   6.2840000  21.7260000  24.8880000
   6.5100000  20.8230000  25.5210000   6.8310000  22.5820000  25.2550000
   4.7590000  22.0840000  25.0460000   4.5050000  23.0170000  24.4150000
   4.1770000  21.2120000  24.6870000   4.4970000  22.2820000  26.1490000
   6.3110000  19.0360000  23.8860000   5.4560000  18.8940000  24.8340000
   7.3620000  18.2130000  23.7540000   8.0280000  18.3400000  22.9460000
   7.5830000  17.1200000  24.7680000   6.7500000  16.4430000  24.7590000
   8.9360000  16.2700000  24.5560000   9.7530000  16.9710000  24.5010000
   9.0710000  15.5830000  25.4400000   8.9910000  15.4070000  23.2240000
   8.1930000  14.6830000  23.2610000   8.8720000  16.0730000  22.3210000
  10.3740000  14.6330000  23.1540000  11.3790000  15.1840000  22.6420000
  10.4330000  13.3190000  23.6880000  11.3260000  12.7580000  23.6710000
   9.5830000  12.9060000  24.1020000   7.6190000  17.7980000  26.1590000
   8.4980000  18.6170000  26.4290000   6.5510000  17.4200000  27.2420000
   5.8550000  16.7130000  27.0280000   6.4810000  18.1180000  28.5530000
   6.4470000  19.2210000  28.3520000   5.2390000  17.7510000  29.5010000
   5.2730000  16.6440000  29.6950000   5.3020000  18.2770000  30.4750000
   3.8720000  18.1780000  28.8510000   3.7710000  17.5820000  27.9260000
   3.0610000  17.9460000  29.5960000   3.7420000  19.7300000  28.4460000
   4.5820000  19.9690000  27.7400000   2.7950000  19.9200000  27.9240000
   3.7570000  20.7040000  29.6930000   2.8910000  20.5170000  30.3840000
   4.6830000  20.5040000  30.2480000   3.6870000  22.1770000  29.1910000
   4.5050000  22.3550000  28.5400000   2.8120000  22.3680000  28.6680000
   3.6960000  22.8150000  30.0230000   7.7400000  17.7250000  29.3240000
   8.0450000  16.5000000  29.6260000   8.6200000  18.7150000  29.4450000
   8.3320000  19.6970000  29.1520000   9.8630000  18.4950000  30.1580000
   9.6600000  18.0140000  31.1580000  10.9480000  17.6210000  29.3360000
  11.8200000  17.4620000  29.9700000  10.5320000  16.6290000  29.1190000
  11.4130000  18.3050000  27.9530000  10.5620000  18.4620000  27.2920000
  11.8500000  19.2930000  28.1430000  12.4780000  17.3300000  27.2560000
  12.1470000  16.1030000  27.0040000  13.6390000  17.8050000  26.9670000
  10.4160000  19.9120000  30.3400000   9.9150000  20.9430000  29.7460000
  11.5530000  19.8000000  31.0350000  11.8900000  18.9400000  31.5400000
  12.1970000  21.1110000  31.1860000  11.9310000  21.7980000  30.3550000
  11.8460000  21.8110000  32.5740000  10.7670000  21.9950000  32.6720000
  12.1630000  21.1390000  33.4000000  12.5220000  23.0990000  32.6430000
  12.2960000  23.5280000  33.5130000  13.6900000  20.8260000  31.1220000
  14.1770000  19.8500000  31.7850000  14.5750000  21.5970000  30.0970000
  15.5880000  21.4230000  30.0310000  14.0250000  22.7370000  29.3330000
  13.2630000  23.2700000  29.9420000  15.1030000  23.7290000  28.8460000
  15.6020000  24.1290000  29.7120000  16.1420000  22.9360000  27.9250000
  16.5990000  22.0840000  28.5180000  15.6280000  22.5100000  27.0410000
  16.9410000  23.6490000  27.5570000  14.5270000  24.8440000  28.0930000
  15.2300000  25.4660000  27.7910000  13.4180000  22.1540000  28.0860000
  13.6820000  20.9600000  27.7200000  12.5610000  23.0490000  27.3950000
  12.2760000  23.9890000  27.7580000  12.0400000  22.5730000  26.1300000
  11.7170000  21.5260000  26.2410000  10.8890000  23.5010000  25.5770000
  11.2610000  24.5310000  25.4430000  10.6080000  23.1100000  24.5990000
   9.6140000  23.5600000  26.5330000   9.9020000  24.0220000  27.4730000
   8.5050000  24.4990000  25.9220000   8.8890000  25.5550000  25.7830000
   8.2220000  24.0930000  24.9200000   7.6100000  24.5190000  26.6270000
   9.1130000  22.0980000  26.8980000   8.8620000  21.5620000  25.9490000
   9.9150000  21.5100000  27.4270000   8.2040000  22.1780000  27.5800000
  13.2070000  22.6610000  25.1280000  14.0390000  23.5830000  25.2280000
  13.4290000  21.9410000  24.0060000  12.7100000  21.2180000  23.8990000
  14.6010000  22.0170000  23.0990000  15.2330000  22.8290000  23.4330000
  15.4530000  20.6700000  23.0430000  14.7880000  19.8210000  22.8790000
  16.1860000  20.7440000  22.2070000  16.1900000  20.4030000  24.3390000
  15.6200000  19.7900000  25.4990000  14.6590000  19.4430000  25.6230000
  16.6000000  19.7440000  26.4450000  16.4520000  19.3140000  27.4690000
  17.7560000  20.2820000  25.9740000  17.4940000  20.6960000  24.6480000
  18.2270000  21.1880000  23.9500000  14.1770000  22.3580000  21.6810000
  13.3140000  21.6740000  21.1230000  14.7700000  23.5840000  20.8810000
  15.3920000  24.1580000  21.4340000  14.4080000  24.0290000  19.5570000
  13.9480000  23.2130000  19.0290000  13.4690000  25.2680000  19.5440000
  13.9220000  26.0600000  20.1180000  13.3520000  25.5980000  18.5190000
  12.0670000  24.9760000  20.1480000  11.6910000  24.1030000  19.6420000
  12.1450000  24.6130000  21.6530000  12.7770000  23.7050000  21.7800000
  12.5860000  25.4630000  22.2070000  11.1290000  24.4110000  22.0490000
  11.0790000  26.1400000  19.8690000  11.4590000  27.0780000  20.3200000
  10.9800000  26.2800000  18.7720000  10.0910000  25.8970000  20.3130000
  15.6820000  24.4130000  18.8530000  16.5950000  24.9550000  19.4720000
  15.8840000  24.4220000  17.0920000  15.0980000  23.9850000  16.6270000
  16.9720000  24.9630000  16.3310000  17.7610000  25.2530000  16.9980000
  17.5190000  24.0140000  15.2980000  17.8270000  23.1140000  15.7910000
  16.3940000  23.6740000  14.2960000  15.5540000  23.2030000  14.8350000
  16.0430000  24.5970000  13.8060000  16.7810000  22.9780000  13.5320000
  18.7550000  24.6580000  14.6390000  18.4600000  25.6050000  14.1590000
  19.5200000  24.8560000  15.4110000  19.1690000  23.9740000  13.8780000
  16.4690000  26.1650000  15.6030000  15.3970000  26.1430000  14.9920000
  17.4040000  27.4320000  15.3480000  18.2530000  27.3640000  15.9050000
  17.0580000  28.6600000  14.6880000  16.0060000  28.6850000  14.4670000
  17.4550000  29.9170000  15.5060000  16.9510000  29.8780000  16.4570000
  18.5210000  29.8830000  15.6660000  17.1030000  31.2730000  14.8420000
  17.3150000  32.0360000  15.5700000  17.9850000  31.5630000  13.6130000
  19.0470000  31.5930000  13.9250000  17.8470000  30.7670000  12.8540000
  17.6940000  32.5380000  13.1780000  15.5920000  31.3680000  14.5300000
  15.3080000  30.5510000  13.8380000  15.0200000  31.2790000  15.4710000
  15.3670000  32.3420000  14.0570000  17.8420000  28.6210000  13.4180000
  19.0740000  28.6970000  13.4330000  16.8430000  28.7790000  12.1800000
  15.8360000  28.6790000  12.1820000  17.5680000  28.7490000  10.9370000
  18.5370000  29.1830000  11.0690000  17.7080000  27.3260000  10.3550000
  16.7240000  26.9160000  10.2260000  18.1990000  27.3930000   9.3960000
  18.5160000  26.3710000  11.2500000  19.5250000  26.7360000  11.3090000
  18.0750000  26.3700000  12.2360000  18.5590000  24.9250000  10.7330000
  19.0890000  24.2950000  11.4320000  17.5580000  24.5550000  10.6100000
  19.2670000  24.9390000   9.4120000  18.7370000  24.9870000   8.5500000
  20.6330000  24.8850000   9.3700000  21.3490000  24.8250000  10.5380000
  20.8670000  24.8210000  11.4330000  22.3600000  24.7840000  10.5070000
  21.2840000  24.8890000   8.1600000  20.7540000  24.9320000   7.2970000
  22.2950000  24.8480000   8.1280000  16.7890000  29.5450000   9.9350000
  15.5970000  29.8080000  10.1200000  17.2170000  30.6960000   8.5610000
  18.2280000  30.6020000   8.3410000  16.3370000  31.4650000   7.6580000
  15.6130000  32.0530000   8.2630000  17.0860000  32.4300000   6.6440000
  17.8460000  31.8400000   6.0800000  16.3560000  32.8730000   5.9410000
  17.7930000  33.5970000   7.3650000  18.2820000  34.1980000   6.5730000
  16.7450000  34.5500000   8.1030000  16.0340000  35.0030000   7.3440000
  16.1700000  33.9570000   8.8860000  17.2820000  35.3720000   8.6060000
  18.9200000  33.0390000   8.3210000  18.4700000  32.3600000   9.1180000
  19.6960000  32.4580000   7.7120000  19.4030000  33.9000000   8.8180000
  15.5920000  30.4640000   6.8390000  16.1390000  29.3750000   6.4740000
  14.4410000  31.1610000   6.1270000  14.0040000  32.0230000   6.6550000
  13.5840000  30.4190000   5.2440000  14.2360000  29.7390000   4.5440000
  12.5410000  29.4970000   6.1250000  11.8720000  29.0830000   5.3810000
  13.1250000  28.6210000   6.6410000  11.6140000  30.2720000   7.2970000
  11.2440000  29.4710000   8.0610000  12.2470000  30.9670000   7.8260000
  10.3470000  31.1830000   6.7780000  10.6750000  32.0900000   6.1290000
   9.7330000  30.5490000   6.1560000   9.5190000  31.6800000   8.0990000
   9.9530000  31.6030000   9.0660000   8.1800000  32.2390000   8.0060000
   7.5950000  32.3560000   6.6990000   8.1550000  32.0300000   5.8000000
   6.6030000  32.7690000   6.6310000   7.4260000  32.6790000   9.2220000
   7.8600000  32.5910000  10.1890000   6.4340000  33.0930000   9.1560000
  12.8430000  31.5610000   4.3510000  13.4190000  32.6540000   3.9460000
  11.3520000  31.8350000   3.5040000  10.8400000  30.8830000   3.5770000
  10.7060000  33.3090000   2.9210000  10.0620000  33.8910000   3.8490000
  11.4760000  34.0340000   2.5450000   9.8550000  33.0030000   1.5360000
   9.6670000  31.6620000   1.1780000   9.0510000  35.1270000   0.4920000
  10.8230000  35.7460000   0.8790000   7.6110000  35.8270000  -1.1200000
   8.5370000  35.4150000  -1.8090000   5.8590000  34.8350000  -1.3590000
   7.2870000  38.6320000  -1.4760000   5.1370000  39.3870000  -2.0520000
   9.1910000  40.0550000  -1.1770000
