
  1231
   8.0540000  28.9760000  30.6300000   8.4570000  29.8540000  30.9560000
   8.0840000  28.9580000  29.6030000   7.0830000  28.9140000  30.9600000
   8.8400000  27.8130000  31.1720000   8.8100000  27.8270000  32.2560000
   8.2640000  26.4690000  30.6670000   8.7060000  25.6510000  31.2390000
   7.1920000  26.4860000  30.8320000   8.5510000  26.2250000  29.1600000
   9.6220000  26.2690000  28.9940000   8.2030000  25.2300000  28.9190000
   7.7530000  27.4340000  28.0120000   6.1000000  26.6610000  28.1170000
   6.1740000  25.6060000  27.7650000   5.7340000  26.6720000  29.1750000
   5.3910000  27.2360000  27.4760000  10.2630000  27.9140000  30.6820000
  10.6160000  28.8450000  29.9210000  11.3280000  27.0210000  31.0650000
  11.0420000  26.3000000  31.7490000  12.6720000  27.0680000  30.5240000
  13.0040000  28.1050000  30.4950000  13.6800000  26.1880000  31.3270000
  13.6770000  26.5410000  32.3580000  13.3530000  25.1470000  31.3080000
  15.1260000  26.2410000  30.7610000  15.1700000  25.8310000  29.7510000
  15.4690000  27.2770000  30.7380000  16.0040000  25.3840000  31.6970000
  17.2240000  25.2590000  31.4810000  15.3670000  24.7810000  32.7800000
  15.8980000  24.2020000  33.4380000  14.3630000  24.9120000  32.9240000
  12.6010000  26.5380000  29.1130000  12.0870000  25.4270000  28.8820000
  13.1870000  27.2890000  28.1310000  13.5850000  28.1840000  28.4070000
  13.1540000  26.9240000  26.7380000  12.8200000  25.9010000  26.6470000
  12.2810000  27.8490000  25.8910000  11.4020000  28.1070000  26.4750000
  13.0700000  29.1580000  25.6080000  13.3080000  29.6490000  26.5700000
  14.0110000  28.9130000  25.0610000  12.4540000  29.8510000  24.9910000
  11.8200000  27.1580000  24.5850000  11.3370000  26.2260000  24.8610000
  11.1060000  27.8180000  24.1030000  12.9410000  26.8350000  23.5650000
  13.4440000  27.7800000  23.2530000  13.6810000  26.1460000  24.0310000
  12.5080000  26.3470000  22.6750000  14.5650000  27.0330000  26.2360000
  15.3080000  27.9270000  26.6480000  15.1260000  26.0520000  25.2900000
  14.4690000  25.3090000  25.0560000  16.4150000  26.1070000  24.6440000
  17.0370000  26.8650000  25.0930000  17.1190000  24.7150000  24.6540000
  17.1570000  24.3530000  25.6690000  16.5530000  24.0180000  24.0550000
  18.5200000  24.8130000  24.1000000  18.7720000  24.6970000  22.7440000
  17.9450000  24.5370000  22.0590000  20.0700000  24.7830000  22.2550000
  20.2600000  24.6910000  21.1840000  21.1300000  24.9850000  23.1080000
  22.1500000  25.0540000  22.7140000  20.8870000  25.0980000  24.4630000
  21.7140000  25.2570000  25.1480000  19.5890000  25.0090000  24.9460000
  19.4020000  25.0950000  26.0170000  16.1420000  26.4370000  23.2080000
  15.5600000  25.6180000  22.4860000  16.6380000  27.5960000  22.7180000
  16.9690000  28.2510000  23.4130000  16.5460000  28.0070000  21.3470000
  15.9290000  27.3250000  20.7950000  16.0700000  29.4250000  21.1640000
  16.7200000  30.0820000  21.7090000  16.1630000  29.7780000  19.6670000
  17.2110000  29.6840000  19.3270000  15.5250000  29.0870000  19.0910000
  15.8170000  30.8180000  19.5120000  14.6440000  29.5450000  21.7460000
  13.9700000  28.8490000  21.2170000  14.6600000  29.2900000  22.8180000
  14.2800000  30.5820000  21.6180000  17.9550000  27.9370000  20.8740000
  18.7970000  28.7400000  21.2850000  18.1700000  27.0050000  19.9220000
  17.3780000  26.5080000  19.5140000  19.5130000  26.7230000  19.4950000
  20.1920000  26.9530000  20.2980000  19.7290000  25.2470000  19.0640000
  19.4750000  24.6070000  19.8900000  19.0730000  25.0280000  18.2360000
  21.1840000  24.9470000  18.6410000  21.3720000  25.4390000  17.7060000
  21.8500000  25.3490000  19.3910000  21.4890000  23.4430000  18.4680000
  22.5400000  23.2790000  18.6770000  20.8870000  22.8900000  19.1690000
  21.1850000  22.9100000  17.0600000  21.3300000  21.8370000  17.0330000
  20.1590000  23.1420000  16.8040000  22.1060000  23.5540000  16.0850000
  21.9700000  24.5680000  16.1090000  23.0760000  23.3350000  16.3260000
  21.9020000  23.1990000  15.1520000  19.8880000  27.5480000  18.3210000
  19.5700000  27.2120000  17.1750000  20.4230000  28.8840000  18.4210000
  20.4200000  29.2440000  19.3680000  21.1390000  29.5950000  17.4180000
  20.8500000  29.2910000  16.4290000  21.1340000  31.1030000  17.5940000
  21.7000000  31.5490000  16.7970000  19.6700000  31.6180000  17.5380000
  19.2240000  31.3510000  16.5620000  19.0770000  31.1510000  18.3450000
  19.6620000  32.7220000  17.6660000  21.7370000  31.4640000  18.8350000
  21.7280000  32.4280000  18.9370000  22.5020000  29.1100000  17.7790000
  22.6140000  28.1450000  18.5380000  23.5590000  29.7270000  17.1260000
  23.5790000  30.5140000  16.4780000  24.7690000  28.9900000  17.5300000
  24.5900000  27.9050000  17.3710000  26.0820000  29.4010000  16.7510000
  26.2370000  30.4960000  16.8860000  26.9560000  28.8600000  17.1560000
  25.9900000  29.0520000  15.2330000  25.7010000  27.9840000  15.1320000
  24.8320000  29.8920000  14.5660000  23.8240000  29.6500000  15.0340000
  25.0520000  31.0060000  14.7040000  24.7910000  29.6220000  13.4840000
  27.4110000  29.2030000  14.5400000  27.7810000  30.2770000  14.6740000
  28.1640000  28.4940000  14.9910000  27.3050000  28.9470000  13.4600000
  25.0440000  29.2750000  19.0100000  25.2830000  28.3170000  19.7650000
  24.6620000  30.5720000  19.3650000  24.2490000  31.2230000  18.7080000
  25.0080000  31.0830000  20.6890000  26.0310000  30.7720000  20.8620000
  25.0230000  32.6010000  20.7490000  25.6460000  32.9730000  19.9520000
  23.5670000  33.1270000  20.5710000  23.1720000  32.7830000  19.5930000
  22.9180000  32.7350000  21.3790000  23.5710000  34.2400000  20.6140000
  25.5630000  33.0510000  21.9950000  25.5700000  34.0220000  22.0260000
  24.1990000  30.6130000  21.8950000  24.8090000  30.0720000  22.8210000
  22.8270000  30.6700000  22.1710000  22.2840000  30.9700000  21.3730000
  22.2020000  30.3350000  23.4470000  22.3370000  29.2780000  23.6230000
  22.6920000  30.9050000  24.2240000  20.7020000  30.6480000  23.4850000
  20.0870000  30.8730000  22.4420000  19.8550000  30.7780000  24.8030000
  20.3470000  30.7040000  25.6820000  18.3970000  30.9760000  24.8290000
  18.1480000  31.8200000  24.2010000  17.6820000  29.7100000  24.3170000
  16.6370000  29.7600000  24.6090000  17.7660000  29.6860000  23.2410000
  18.2980000  28.3980000  24.8900000  17.7910000  27.5520000  24.4500000
  19.3480000  28.3700000  24.6130000  18.1830000  28.2650000  26.4220000
  18.5290000  29.1940000  26.8560000  17.1390000  28.1180000  26.6810000
  18.9910000  27.1010000  27.0320000  18.6520000  26.1590000  26.6190000
  20.0420000  27.2360000  26.7960000  18.7980000  27.0760000  28.5060000
  19.1190000  27.9650000  28.8990000  17.8060000  26.9470000  28.7310000
  19.3380000  26.3000000  28.9010000  17.8090000  31.2090000  26.2370000
  18.5220000  31.0470000  27.2270000  16.3060000  31.5090000  26.5320000
  15.8550000  31.7970000  25.6710000  15.4860000  31.5520000  27.7570000
  15.3890000  30.5510000  28.1520000  16.0610000  32.4450000  28.8190000
  17.0950000  32.1810000  28.9750000  15.9750000  33.9160000  28.3330000
  16.5550000  34.0310000  27.3940000  14.9150000  34.1860000  28.1550000
  16.3940000  34.5850000  29.1020000  15.3340000  32.2830000  30.0410000
  15.7110000  32.8590000  30.7120000  14.0870000  32.1000000  27.4260000
  13.9900000  33.0440000  26.6300000  12.6910000  31.7300000  27.9350000
  12.7310000  30.9780000  28.6350000  11.3930000  32.3030000  27.5200000
  11.5250000  33.3600000  27.3100000  10.7850000  31.6650000  26.3010000
   9.9010000  32.2400000  26.0420000  11.8020000  31.7830000  25.1190000
  12.0110000  32.8610000  24.9120000  12.7480000  31.2520000  25.3840000
  11.3750000  31.3200000  24.2140000  10.3450000  30.2060000  26.6250000
  11.2350000  29.5790000  26.7040000   9.8090000  30.2030000  27.5760000
   9.4320000  29.6060000  25.5570000   8.5070000  30.2310000  25.4700000
   9.9700000  29.5900000  24.5760000   9.1590000  28.5640000  25.8560000
  10.3130000  32.1590000  28.6000000  10.4740000  31.4300000  29.6000000
   8.9740000  32.9870000  28.3220000   8.9010000  33.5750000  27.4820000
   7.8240000  32.9030000  29.2240000   8.1480000  32.5280000  30.1910000
   7.0870000  34.2250000  29.4170000   7.7920000  34.9900000  29.6760000
   6.3970000  34.6230000  28.0790000   7.1650000  34.7280000  27.2700000
   5.6810000  33.8320000  27.8020000   5.8520000  35.5950000  28.2080000
   6.1120000  34.1010000  30.4770000   5.6450000  34.9520000  30.5940000
   6.8370000  31.9280000  28.6410000   6.9250000  31.5640000  27.4520000
   5.7600000  31.5280000  29.3470000   5.7350000  31.9120000  30.2980000
   4.7490000  30.5580000  29.0020000   5.2430000  29.6720000  28.5940000
   3.8760000  30.1260000  30.2330000   3.4070000  31.0210000  30.6590000
   3.1110000  29.4570000  29.8850000   4.6760000  29.3890000  31.3580000
   5.2460000  28.5890000  30.8790000   5.6960000  30.3370000  32.0120000
   6.4130000  30.7000000  31.2280000   5.1560000  31.2130000  32.4650000
   6.2490000  29.7780000  32.8100000   3.7310000  28.7170000  32.4100000
   3.0790000  29.5010000  32.8860000   3.1020000  27.9690000  31.9000000
   4.3350000  28.2010000  33.1970000   3.8100000  31.1280000  27.9550000
   3.3960000  30.4120000  27.0350000   3.3620000  32.4230000  28.1880000
   3.8160000  32.9780000  28.9060000   2.3720000  33.0790000  27.3500000
   1.4640000  32.5060000  27.4210000   2.0480000  34.5480000  27.7950000
   1.2910000  34.9590000  27.1350000   1.6600000  34.5160000  28.8190000
   3.2520000  35.5020000  27.7520000   4.0220000  35.1280000  28.4180000
   3.6520000  35.5720000  26.7340000   2.7510000  36.8960000  28.2220000
   2.2390000  36.9850000  29.4000000   2.8670000  37.8850000  27.4080000
   2.8280000  33.1030000  25.8920000   1.9990000  33.1040000  24.9740000
   4.1230000  32.8620000  25.8450000   4.7450000  32.7260000  26.6410000
   4.6960000  33.1120000  24.5300000   4.3920000  34.1060000  24.2210000
   6.2120000  33.0540000  24.5020000   6.5840000  33.6910000  25.2800000
   6.6740000  31.5950000  24.7950000   6.2980000  31.2790000  25.7980000
   6.2710000  30.9240000  24.0180000   7.7840000  31.5370000  24.7770000
   6.7000000  33.5950000  23.1210000   6.2930000  32.9680000  22.3090000
   6.3450000  34.6440000  22.9870000   7.8100000  33.5610000  23.0800000
   4.2040000  32.1450000  23.4890000   3.8720000  30.9870000  23.7840000
   3.8970000  32.6570000  22.1680000   4.1390000  33.6350000  22.0550000
   3.5510000  31.9340000  20.9660000   3.2090000  30.9480000  21.2280000
   2.4820000  32.6800000  20.1020000   2.2210000  32.0530000  19.2630000
   1.5990000  32.8570000  20.7210000   2.9580000  34.0300000  19.5370000
   3.2050000  34.6880000  20.3560000   3.8330000  33.8820000  18.9010000
   1.7970000  34.6340000  18.7070000   0.6530000  34.0900000  18.8010000
   2.0360000  35.6460000  17.9690000   4.8230000  31.8480000  20.1240000
   5.7320000  32.6590000  20.3060000   4.9140000  30.8470000  19.2380000
   4.5070000  29.4830000  19.5750000   3.4550000  29.3490000  19.3520000
   4.6820000  29.2750000  20.6290000   5.3900000  28.5550000  18.6880000
   4.7760000  27.8370000  18.1780000   6.1330000  28.0360000  19.2930000
   6.0770000  29.5010000  17.6590000   5.4860000  29.6130000  16.7550000
   7.0750000  29.1470000  17.4000000   6.1290000  30.8090000  18.4420000
   6.9370000  30.6840000  19.1520000   6.4520000  32.0500000  17.6440000
   7.6500000  32.3320000  17.4770000   5.3620000  32.8420000  17.2150000
   4.3680000  32.5540000  17.2500000   5.7530000  34.0860000  16.5780000
   6.4930000  33.9030000  15.7880000   4.5180000  34.8500000  15.9680000
   4.0330000  34.2450000  15.2050000   3.7950000  35.0620000  16.7710000
   4.9590000  36.0710000  15.3550000   4.1800000  36.5380000  14.9790000
   6.3760000  34.9500000  17.6550000   7.3950000  35.6400000  17.4080000
   6.0370000  35.0280000  18.8850000   5.1740000  34.4920000  19.0750000
   6.5870000  35.8490000  19.9390000   6.7380000  36.8450000  19.5250000
   5.6310000  35.9260000  21.2060000   4.5920000  36.1450000  20.8820000
   5.6590000  34.9820000  21.7680000   6.1350000  37.0420000  22.1140000
   7.2130000  37.6600000  21.7530000   5.4460000  37.2910000  23.1840000
   7.9520000  35.2820000  20.4060000   8.9130000  36.0370000  20.6540000
   8.2830000  33.9660000  20.3230000   7.5100000  33.3420000  20.1160000
   9.5860000  33.4290000  20.6540000   9.9160000  33.8720000  21.5740000
   9.5940000  31.9320000  20.8290000   8.8040000  31.6480000  21.5050000
   9.3570000  31.2620000  19.4640000   8.3740000  31.5810000  19.0580000
  10.1620000  31.5590000  18.7600000   9.3640000  30.1660000  19.5950000
  10.8490000  31.5100000  21.3730000  10.8480000  30.5530000  21.4820000
  10.5660000  33.7960000  19.5690000  11.7170000  34.1530000  19.8530000
  10.0420000  33.6650000  18.7840000   9.0740000  33.4080000  18.6400000
  10.8890000  33.9720000  17.6650000  11.7620000  33.3530000  17.7290000
  10.2370000  33.7300000  16.3290000   9.8310000  32.7390000  16.3390000
   9.0690000  34.7130000  16.1470000   8.3300000  34.5580000  16.9500000
   9.4490000  35.7480000  16.1890000   8.5890000  34.5400000  15.1700000
  11.2920000  33.8000000  15.2100000  11.5820000  34.8260000  15.0740000
  12.1470000  33.2220000  15.5110000  10.7840000  33.2590000  13.8730000
  10.4910000  32.2020000  13.9930000   9.9100000  33.8470000  13.5450000
  11.5840000  33.3370000  13.1190000  11.3290000  35.4060000  17.7320000
  12.5080000  35.7100000  17.5390000  10.3110000  36.4560000  18.1890000
   9.3530000  36.1490000  18.3480000  10.6790000  37.8520000  18.3430000
  11.1410000  38.1910000  17.4260000   9.4890000  38.7820000  18.6430000
   9.8520000  39.8040000  18.6350000   8.7500000  38.6520000  17.8570000
   8.8080000  38.5150000  20.0000000   8.2830000  37.5640000  19.9770000
   9.5470000  38.5020000  20.7970000   7.8200000  39.6520000  20.2260000
   7.2660000  40.1770000  19.2050000   7.6120000  40.0180000  21.4240000
  11.6780000  38.0040000  19.4670000  12.6150000  38.8180000  19.3750000
  11.9450000  37.3630000  20.2950000  11.1230000  36.7580000  20.3860000
  12.8610000  37.5150000  21.4090000  12.9550000  38.5650000  21.6330000
  12.3950000  36.7430000  22.6820000  12.1490000  35.7190000  22.4390000
  13.1870000  36.7510000  23.4260000  11.1410000  37.4530000  23.2180000
  10.9790000  38.6760000  23.0460000  10.2270000  36.6700000  23.8940000
   9.3780000  37.0880000  24.2720000  10.3960000  35.6700000  24.0170000
  14.2240000  36.9780000  21.0340000  15.2630000  37.6050000  21.3180000
  14.2520000  36.0020000  20.1100000  13.4020000  35.4820000  19.9320000
  15.4910000  35.5420000  19.5460000  16.2020000  35.3870000  20.3390000
  15.3370000  34.2590000  18.7630000  14.6110000  34.4180000  17.9840000
  16.6880000  33.9090000  18.1100000  16.9850000  34.7280000  17.4310000
  17.4560000  33.7790000  18.8970000  16.5900000  32.9680000  17.5310000
  14.8110000  33.1660000  19.7150000  15.5290000  33.0190000  20.5460000
  13.8350000  33.4820000  20.1230000  14.6910000  32.2170000  19.1560000
  16.0140000  36.5850000  18.6130000  17.1880000  36.9530000  18.6770000
  14.9150000  37.0690000  18.0740000  13.9550000  36.7530000  18.1920000
  15.1940000  38.1330000  17.1240000  15.9560000  37.7710000  16.4150000
  13.9350000  38.6280000  16.2970000  14.2450000  39.3880000  15.5800000
  13.5500000  37.7800000  15.7390000  12.7870000  39.2390000  17.1850000
  12.3110000  38.4310000  17.7220000  13.2170000  39.9220000  17.9180000
  11.6980000  40.0220000  16.3510000  12.1460000  40.9050000  15.9200000
  11.3610000  39.3780000  15.5330000  10.4590000  40.4820000  17.2030000
   9.6980000  40.9190000  16.5300000  10.0580000  39.6210000  17.7220000
  10.8520000  41.5060000  18.2380000  11.5700000  41.0950000  18.8770000
  11.2300000  42.3210000  17.7510000  10.0240000  41.8030000  18.7970000
  15.7270000  39.3210000  17.8880000  16.7040000  39.9350000  17.4420000
  15.0890000  39.8330000  19.1510000  14.2890000  39.2790000  19.4240000
  15.4990000  40.9540000  20.0030000  15.5120000  41.8690000  19.3950000
  14.5730000  41.1970000  21.2500000  13.5390000  41.4280000  20.8850000
  14.5810000  40.2680000  21.8950000  14.9360000  42.0680000  21.8650000
  16.8840000  40.6450000  20.5520000  17.7450000  41.5310000  20.5720000
  17.3560000  39.5910000  20.4650000  16.6140000  38.9030000  20.4300000
  18.5970000  39.2650000  21.1370000  18.7810000  40.0010000  21.9110000
  18.5690000  37.8590000  21.7800000  18.2820000  37.1410000  21.0160000
  19.5630000  37.6180000  22.1460000  17.5840000  37.7590000  22.9550000
  18.0290000  38.2340000  23.8260000  16.6710000  38.2830000  22.6840000
  17.2320000  36.3090000  23.3210000  16.8140000  36.3130000  24.3190000
  16.4910000  35.9530000  22.6110000  18.4360000  35.3320000  23.3010000
  19.2970000  35.8160000  23.7450000  18.1980000  34.4510000  23.8710000
  18.7480000  34.9320000  21.8940000  17.9370000  34.4730000  21.4720000
  18.9750000  35.7630000  21.3530000  19.5470000  34.2860000  21.8910000
  19.7450000  39.2640000  20.1640000  20.7850000  39.8680000  20.4540000
  19.5270000  38.6640000  18.8820000  18.6620000  38.1850000  18.6520000
  20.6400000  38.7340000  17.9300000  21.5610000  38.8840000  18.4870000
  20.8020000  37.4820000  17.0750000  21.6610000  37.5990000  16.4120000
  21.1060000  36.2830000  18.0440000  22.0510000  36.4620000  18.6150000
  20.2570000  36.1770000  18.7740000  21.2290000  35.3520000  17.4380000
  19.5340000  37.3010000  16.1750000  18.7030000  37.0300000  16.8280000
  19.2960000  38.2440000  15.6750000  19.7190000  36.2160000  15.0750000
  20.5630000  36.4820000  14.3870000  19.9520000  35.2370000  15.5700000
  18.7740000  36.1460000  14.4760000  20.4170000  39.8840000  16.9480000
  20.9840000  39.8750000  15.8190000  19.7420000  41.1140000  17.1720000
  19.7720000  40.5440000  18.5100000  18.7770000  42.8040000  16.9350000
  17.9540000  43.1220000  18.2200000  19.9630000  43.8420000  16.6650000
  20.8890000  43.4480000  15.4710000  19.1650000  45.0690000  16.3460000
  20.9680000  43.7450000  18.4470000  21.6330000  42.5130000  18.9200000
  21.9040000  44.3510000  18.1090000  19.6470000  44.5590000  20.0260000
  19.2170000  43.7640000  21.4090000  18.9730000  46.1890000  19.8100000
  18.0860000  46.7940000  20.8120000  19.3580000  46.7950000  18.6480000
  17.6250000  43.2390000  15.2580000  17.6810000  44.3450000  14.0600000
  17.5770000  41.8810000  15.0570000  17.3690000  41.0360000  15.8690000
  17.0650000  41.9440000  13.5770000  17.4570000  42.9090000  12.9130000
  17.6460000  40.5990000  12.7280000  17.2350000  40.7710000  11.6280000
  18.8730000  40.4730000  12.6190000  17.0660000  39.2150000  13.6040000
  16.7680000  39.2200000  15.0010000  16.9180000  38.1420000  12.9020000
  15.3520000  42.1440000  13.7120000  14.5970000  41.2300000  14.4900000
  13.8790000  44.4210000  12.9470000  14.2270000  46.7110000  12.7190000
  11.4190000  43.9130000  13.4650000  10.4650000  41.9850000  14.8000000
   9.3430000  46.8850000  14.2400000  10.3260000  48.9170000  12.9930000
   7.6100000  46.4660000  14.4970000   8.3130000  47.6100000  16.3890000
   6.8720000  45.8930000  17.7090000  10.0570000  47.3420000  16.2690000
   6.8950000  50.9760000  16.9370000   8.3250000  52.7060000  15.6270000
   5.1460000  51.2590000  17.0670000   5.9030000  51.6020000  19.0960000
   4.7930000  53.9310000  19.4500000   4.5590000  49.8010000  20.4020000
   8.2910000  51.4830000  18.9080000   9.3340000  49.2850000  18.5780000
   9.5580000  53.1850000  17.6730000   7.6120000  51.9000000  20.3440000
  11.9280000  42.9890000  11.6060000  10.6870000  40.8340000  11.9750000
  11.9970000  43.0010000  11.4470000  13.0940000  43.6880000  10.9800000
  11.3260000  42.1870000  10.4580000   9.8720000  42.2410000  10.8780000
  11.7690000  43.1390000   8.6400000  13.2200000  43.1650000   8.2360000
  11.3430000  42.3750000   7.9820000  10.8100000  45.0950000   8.2780000
   9.3560000  45.0960000   8.6640000  11.2360000  45.8870000   8.9120000
  11.3360000  45.9030000   6.4530000  10.4920000  45.5200000   5.5640000
  12.5860000  46.9160000   5.9270000  12.1470000  40.2340000  10.6490000
  13.5620000  39.7600000   9.7160000  11.1730000  39.8460000  10.9560000
  10.3580000  40.5560000  11.3750000  11.1850000  38.3290000  11.5850000
  12.3210000  37.9490000  11.8600000  10.4260000  38.2520000  12.5700000
  10.6940000  37.3630000  10.5520000  11.2050000  36.0670000  10.5960000
   9.5310000  38.0540000  10.2030000   9.2830000  39.1750000  10.1660000
   8.7730000  37.2350000   9.2990000   8.2570000  36.4200000  10.0980000
   7.4610000  38.1790000   8.5280000   6.6480000  38.5230000   9.4380000
   7.9800000  39.6230000   7.6550000   8.3850000  40.2780000   8.4600000
   8.9090000  39.3400000   6.7700000   7.0160000  40.2860000   7.1080000
   6.6280000  37.2730000   7.5950000   6.3810000  36.2710000   8.3050000
   5.5840000  37.9350000   7.3180000   7.4990000  36.8230000   6.1020000
   7.7530000  37.8330000   5.3420000   8.5710000  36.1250000   6.3540000
   6.8020000  36.1850000   5.5340000   9.8680000  36.3520000   8.2350000
   9.5690000  35.1060000   8.0580000  11.2200000  36.6060000   7.6840000
  11.6110000  38.0740000   7.3650000  11.4720000  38.6900000   8.2990000
  10.9980000  38.5770000   6.5500000  13.1720000  37.9210000   6.8480000
  13.8330000  37.9370000   7.7220000  13.4380000  38.7650000   6.0790000
  13.3180000  36.4500000   6.1700000  14.3300000  35.9320000   6.3360000
  13.1800000  36.5700000   5.0510000  12.1450000  35.5870000   6.9290000
  11.5600000  35.1840000   6.1220000  12.6970000  34.3080000   7.8010000
  12.9820000  33.1870000   7.1860000  13.1300000  34.3040000   8.8940000
  13.7360000  35.5910000   9.2470000  12.9940000  36.4430000   9.1490000
  14.6230000  35.7840000   8.5820000  14.1540000  35.3690000  10.7710000
  13.3150000  35.6540000  11.4760000  15.0340000  35.9530000  10.9840000
  14.5110000  33.8090000  10.8880000  14.2300000  33.4070000  11.9100000
  15.5940000  33.6020000  10.6850000  13.6590000  33.1690000   9.7710000
  14.3740000  32.5770000   9.1300000  12.6490000  32.1740000  10.3900000
  11.4060000  32.4930000  10.4420000  12.9750000  30.5340000  10.8320000
  13.9840000  30.3770000  10.8980000  12.0810000  29.5370000  11.4100000
  11.1900000  30.0210000  11.8100000  11.6860000  28.4320000  10.4010000
  11.3580000  28.9040000   9.4830000  12.5460000  27.7900000  10.1940000
  10.5380000  27.5800000  11.0000000   9.8830000  28.0430000  11.9960000
  10.3020000  26.4500000  10.4650000  12.8340000  28.8300000  12.5150000
  14.0750000  28.9160000  12.5850000  12.1760000  28.2890000  13.4950000
  11.1980000  28.4950000  13.3520000  12.5780000  27.5470000  14.6570000
  13.6440000  27.5610000  14.7440000  11.9440000  28.0530000  15.9610000
  12.3480000  27.4860000  16.7780000  12.1990000  29.0880000  16.0830000
  10.4200000  27.9230000  15.9870000  10.1340000  26.9280000  15.7020000
  10.0520000  28.1320000  16.9740000   9.8490000  28.9300000  14.9990000
   8.8080000  28.6950000  14.3890000  10.5460000  30.0890000  14.8400000
  10.2130000  30.7950000  14.1970000  11.3960000  30.2430000  15.3630000
  12.1060000  26.1430000  14.4450000  10.9250000  25.9040000  14.1840000
  12.8740000  25.0460000  14.7170000  13.8080000  25.3980000  14.9090000
  12.6240000  23.6300000  14.5880000  11.5740000  23.4800000  14.4030000
  13.4170000  22.9670000  13.4490000  13.1780000  23.4780000  12.5270000
  14.4690000  23.0760000  13.6630000  13.1050000  21.4690000  13.2720000
  13.3680000  20.9300000  14.1720000  12.0550000  21.3330000  13.0610000
  13.9300000  20.9500000  12.1040000  13.9720000  19.7370000  11.8520000
  14.6070000  21.8890000  11.3740000  15.1720000  21.6000000  10.5890000
  14.5440000  22.8740000  11.6200000  12.9970000  22.9370000  15.8700000
  13.9550000  23.3230000  16.5570000  11.9330000  21.7370000  16.4160000
  11.1770000  21.5690000  15.7620000  11.9600000  21.0150000  17.6810000
  12.9800000  20.8120000  17.9580000  11.2370000  21.7610000  18.8500000
  11.2760000  21.1360000  19.7430000  11.7440000  22.6950000  19.0370000
   9.7710000  22.0790000  18.5250000   9.7440000  22.6980000  17.6260000
   9.2750000  21.1400000  18.3350000   9.0010000  22.8230000  19.6500000
   8.8110000  22.1540000  20.4900000   9.5580000  23.6780000  19.9940000
   7.7170000  23.2790000  19.0250000   7.6090000  24.2450000  18.6960000
   6.6860000  22.3940000  18.8970000   6.7780000  21.1340000  19.4660000
   7.6050000  20.8590000  19.9920000   6.0180000  20.4750000  19.3620000
   5.5750000  22.7650000  18.1740000   5.5150000  23.6950000  17.7460000
   4.8130000  22.1090000  18.0680000  11.2590000  19.7130000  17.4620000
  10.5750000  19.5290000  16.4470000  11.3380000  18.7250000  18.5650000
  11.9270000  18.9790000  19.3700000  10.7040000  17.4200000  18.5160000
  10.4730000  17.1750000  17.4650000  11.5440000  16.2330000  19.1500000
  11.8180000  16.5170000  20.1830000  10.9430000  15.3260000  19.1860000
  12.8330000  15.8960000  18.3230000  12.5390000  15.7080000  17.2780000
  13.7780000  17.1300000  18.2930000  13.2660000  18.0210000  17.8040000
  14.0600000  17.4000000  19.3580000  14.6870000  16.8530000  17.6950000
  13.5180000  14.5630000  18.8540000  13.7830000  14.6890000  19.9520000
  12.8280000  13.6970000  18.7480000  14.4350000  14.3500000  18.2450000
   9.4350000  17.5530000  19.3300000   9.3450000  18.3090000  20.3490000
   8.4380000  16.8260000  18.9240000   8.6150000  16.2790000  18.0540000
   7.1090000  16.8440000  19.5290000   7.0530000  17.5560000  20.3650000
   6.0260000  17.2030000  18.4860000   6.2280000  16.5990000  17.5840000
   4.6160000  16.8440000  19.0420000   4.5920000  15.7360000  19.2670000
   4.3940000  17.4210000  19.9960000   3.8510000  17.1170000  18.2610000
   6.1350000  18.7210000  18.0680000   5.9020000  19.3360000  18.9590000
   7.1560000  18.8890000  17.7350000   5.1910000  19.1810000  16.9060000
   5.4220000  18.5710000  15.9760000   4.1340000  19.0300000  17.2320000
   5.3350000  20.2750000  16.6740000   6.9650000  15.4220000  20.0690000
   7.7940000  14.5290000  19.6960000   5.9450000  15.1060000  21.1080000
   5.2960000  15.8980000  21.3660000   5.7470000  13.7590000  21.6910000
   6.5840000  13.4610000  22.3450000   4.3860000  13.6210000  22.5070000
   3.5770000  14.1300000  21.9350000   4.1780000  12.5510000  22.6420000
   4.4730000  14.2610000  23.9000000   4.3100000  15.6610000  24.0520000
   4.1180000  16.3190000  23.1490000   4.3910000  16.2270000  25.3500000
   4.2710000  17.3330000  25.4610000   4.6230000  15.4060000  26.5070000
   4.6780000  15.8600000  27.5260000   4.7830000  14.0070000  26.3630000
   4.9720000  13.3490000  27.2670000   4.7010000  13.4450000  25.0650000
   4.8190000  12.3390000  24.9550000   5.6900000  12.7940000  20.5050000
   6.4500000  11.7570000  20.4650000   4.7970000  13.1170000  19.5890000
   4.1610000  13.9590000  19.6710000   4.7160000  12.2290000  18.4060000
   4.6090000  11.1840000  18.7550000   3.5430000  12.6550000  17.4330000
   2.5730000  12.6200000  18.0160000   3.6820000  13.7140000  17.0370000
   3.5340000  11.9380000  16.5470000   6.0090000  12.3370000  17.5830000
   6.5970000  11.3070000  17.0800000   6.4450000  13.7040000  17.3730000
   5.9440000  14.4730000  17.8820000   7.6320000  14.0220000  16.5790000
   8.3110000  14.5900000  17.1970000   8.1380000  13.0940000  16.2290000
   7.1680000  14.8730000  15.3650000   6.6060000  14.3470000  14.3830000
   7.4770000  16.3720000  15.3570000   7.9530000  16.7750000  16.1770000
   7.0130000  17.2710000  14.2660000   7.2600000  16.8110000  13.2900000
   5.4860000  17.6040000  14.3180000   5.2350000  17.9970000  15.3250000
   5.2500000  18.3700000  13.5510000   4.6350000  16.3500000  14.0410000
   4.6960000  16.1190000  12.9580000   5.0520000  15.5030000  14.6240000
   3.1450000  16.5430000  14.4340000   3.0790000  16.7750000  15.5180000
   2.7230000  17.3860000  13.8480000   2.3190000  15.2730000  14.1510000
   2.3050000  15.0810000  13.0590000   2.7740000  14.4050000  14.6740000
   0.9180000  15.4920000  14.6560000   0.9270000  15.6710000  15.6880000
   0.4850000  16.3090000  14.1610000   0.3820000  14.6440000  14.4610000
   7.7540000  18.5870000  14.4020000   8.6710000  18.6730000  15.2510000
   7.3340000  19.8570000  13.4910000   6.5090000  19.8150000  12.8990000
   8.0650000  21.1070000  13.5550000   8.9600000  20.9370000  14.1330000
   8.4690000  21.6220000  12.1440000   7.5760000  21.7780000  11.5530000
   8.9810000  22.5610000  12.2540000   9.3960000  20.6270000  11.4030000
  10.3320000  20.5250000  11.9350000   8.9260000  19.6620000  11.3400000
   9.6440000  21.1790000   9.9910000  10.3140000  20.5410000   9.1560000
   9.0780000  22.4030000   9.7110000   9.2030000  22.8250000   8.7860000
   8.5310000  22.8910000  10.4270000   7.2320000  22.1950000  14.2450000
   6.0540000  21.9830000  14.5510000   7.8770000  23.6010000  14.4470000
   8.8140000  23.7480000  14.0750000   7.2230000  24.6540000  15.2350000
   6.3990000  24.2210000  15.7810000   8.1760000  25.3000000  16.2640000
   8.5940000  24.5150000  16.8940000   8.9700000  25.7900000  15.7160000
   7.4720000  26.3500000  17.1820000   6.9620000  27.0550000  16.5320000
   6.3950000  25.6760000  18.0710000   5.6370000  25.2100000  17.4190000
   6.8710000  24.8940000  18.7120000   5.9040000  26.4420000  18.7200000
   8.4890000  27.1560000  18.0130000   9.0750000  26.4590000  18.6600000
   9.1740000  27.6920000  17.3200000   7.9440000  27.8930000  18.6530000
   6.6840000  25.7670000  14.3490000   7.4150000  26.3750000  13.5480000
   5.5200000  26.1790000  14.4500000   4.8880000  25.6940000  15.1000000
   5.0200000  27.2490000  13.5820000   5.8380000  27.5710000  12.9350000
   3.8330000  26.8520000  12.6660000   3.0710000  26.3820000  13.2910000
   3.4090000  27.7490000  12.1940000   4.2870000  25.8680000  11.5440000
   5.0520000  26.3250000  10.9130000   4.6960000  24.9560000  12.0030000
   3.0640000  25.5380000  10.6760000   1.9210000  26.0340000  11.0130000
   3.2620000  24.7850000   9.6580000   4.5790000  28.4140000  14.4520000
   4.1810000  28.2470000  15.6390000   4.7660000  29.8660000  13.9600000
   5.1380000  30.0390000  13.0150000   4.3110000  30.9880000  14.7520000
   4.6730000  30.9100000  15.7790000   4.7240000  32.3330000  14.1120000
   4.3470000  32.3990000  13.0870000   4.3100000  33.1420000  14.7020000
   6.2740000  32.4020000  14.1080000   6.9210000  31.5530000  14.8120000
   6.8280000  33.3080000  13.4070000   2.7920000  30.9260000  14.7110000
   2.2470000  29.8890000  14.3660000   2.3070000  32.1090000  15.0450000
   2.7890000  32.8590000  15.5240000   0.8600000  32.2330000  14.7760000
   0.5730000  33.2810000  14.7530000   0.6570000  31.8000000  13.7950000
   0.0110000  31.5370000  15.8450000  -1.1870000  31.8950000  16.0370000
   0.6870000  30.5460000  16.6370000   1.6820000  30.2750000  16.4850000
  -0.1210000  29.8590000  17.6560000  -1.0900000  30.3730000  17.7910000
  -0.3450000  28.3670000  17.3440000   0.6400000  27.8680000  17.2460000
  -0.9010000  27.9270000  18.1890000  -1.1530000  28.1570000  16.0160000
  -0.4910000  28.3600000  15.1520000  -1.4610000  27.1280000  15.9900000
  -2.4370000  29.0660000  15.8930000  -2.1640000  30.1010000  15.9810000
  -2.9210000  28.9170000  14.9160000  -3.3900000  28.6920000  17.0360000
  -3.2970000  29.1160000  17.9720000  -4.3880000  27.7760000  16.8200000
  -4.5290000  27.2200000  15.5480000  -3.8930000  27.4850000  14.7680000
  -5.2690000  26.5440000  15.3870000  -5.2480000  27.4220000  17.8750000
  -5.1450000  27.8360000  18.8150000  -5.9890000  26.7460000  17.7160000
   0.6920000  29.9190000  18.9420000   1.8540000  30.3560000  18.8760000
   0.2950000  29.6330000  20.2290000  -0.6710000  29.3280000  20.3400000
   1.1630000  29.7040000  21.3920000   1.7890000  30.5710000  21.2750000
   0.4140000  29.8000000  22.7310000  -0.3260000  30.6040000  22.6690000
  -0.3100000  28.4610000  23.0200000  -1.0310000  28.2710000  22.1990000
   0.4450000  27.6260000  23.0680000  -0.8600000  28.5270000  24.0010000
   1.3330000  30.0770000  23.7910000   0.8470000  30.1360000  24.6420000
   2.0530000  28.4610000  21.4290000   1.6910000  27.4000000  20.9130000
   3.3930000  28.5770000  22.1180000   3.6420000  29.4710000  22.5290000
   4.3490000  27.4760000  22.1520000   4.5450000  27.1320000  21.1410000
   5.6840000  27.8600000  22.8220000   6.1110000  28.6860000  22.2600000
   5.4700000  28.1750000  23.8410000   6.7280000  26.6960000  22.8690000
   6.2270000  25.8390000  23.2940000   7.2020000  26.2980000  21.4390000
   6.3310000  25.9690000  20.8460000   7.6670000  27.1740000  20.9340000
   7.9460000  25.4640000  21.5090000   7.9000000  27.0200000  23.8180000
   8.4080000  27.9380000  23.4540000   7.5060000  27.1860000  24.8520000
   8.6260000  26.1670000  23.8270000   3.7600000  26.3540000  22.9800000
   3.8450000  25.1730000  22.6050000   3.0490000  26.8590000  24.0790000
   2.9880000  27.8670000  24.2660000   2.4280000  25.9350000  25.0380000
   3.1730000  25.2150000  25.3970000   1.7810000  26.6860000  26.2590000
   2.5520000  27.2050000  26.7960000   1.0400000  27.4140000  25.8960000
   1.1450000  25.7420000  27.1560000   0.7430000  26.2180000  27.9160000
   1.3170000  25.1950000  24.3600000   1.0390000  24.0260000  24.7140000
   0.5250000  25.8000000  23.2550000   0.8070000  26.7510000  22.9990000
  -0.5440000  25.1980000  22.4960000  -1.3440000  24.9070000  23.1900000
  -1.1290000  26.1670000  21.3820000  -1.4590000  27.1040000  21.8450000
  -0.3550000  26.3640000  20.6200000  -2.3380000  25.5220000  20.7020000
  -2.7660000  24.4170000  21.1860000  -2.8460000  26.1260000  19.6700000
   0.0180000  23.9710000  21.7750000  -0.6620000  22.9450000  21.7070000
   1.2730000  24.0450000  21.2170000   1.7930000  24.9080000  21.3230000
   1.8810000  22.9560000  20.4410000   1.1510000  22.5910000  19.7390000
   3.1600000  23.3590000  19.6360000   3.8570000  23.8230000  20.3130000
   3.6320000  22.4730000  19.1910000   2.7640000  24.3430000  18.5310000
   2.5860000  25.7050000  18.8010000   2.7330000  26.0710000  19.8310000
   2.2240000  26.6050000  17.7730000   2.0840000  27.6750000  17.9950000
   2.0400000  26.1480000  16.4630000   1.6700000  27.0710000  15.4070000
   1.5840000  26.5890000  14.5640000   2.2160000  24.7900000  16.1860000
   2.0710000  24.4250000  15.1550000   2.5780000  23.8950000  17.2170000
   2.7200000  22.8240000  16.9930000   2.2870000  21.8280000  21.3990000
   2.6990000  22.0640000  22.5550000   2.1780000  20.6100000  20.9940000
   1.8380000  20.3780000  20.0460000   2.5200000  19.5530000  21.9850000
   2.1940000  19.8850000  22.9960000   1.8930000  18.1580000  21.6920000
   0.8580000  18.3110000  21.3850000   2.4620000  17.6350000  20.8860000
   1.9570000  17.3190000  23.0370000   2.4800000  17.7920000  24.0690000
   1.4220000  16.0480000  23.0320000   1.4420000  15.4520000  23.8990000
   1.0040000  15.6990000  22.1620000   4.0300000  19.3420000  21.9650000
   4.5890000  18.3470000  21.3900000   4.7460000  20.2540000  22.6230000
   4.2600000  21.0480000  23.0880000   6.1870000  20.1300000  22.6940000
   6.6110000  19.8970000  21.7030000   6.8490000  21.3600000  23.2740000
   7.9200000  21.1750000  23.2470000   6.5320000  22.5950000  22.3300000
   6.9320000  22.3880000  21.2890000   5.4280000  22.7700000  22.2920000
   7.0070000  23.5100000  22.7350000   6.4050000  21.5790000  24.7810000
   6.6630000  20.6690000  25.3550000   6.9490000  22.4240000  25.1710000
   4.8910000  21.8850000  24.9910000   4.6060000  22.8240000  24.4210000
   4.3120000  21.0230000  24.6090000   4.6660000  22.0260000  26.0920000
   6.4330000  18.9690000  23.6640000   5.6180000  18.7650000  24.6110000
   7.4900000  18.1840000  23.4570000   8.1200000  18.3620000  22.6500000
   7.7560000  17.0680000  24.3940000   6.9330000  16.3790000  24.3760000
   9.0970000  16.2710000  24.1050000   9.9010000  16.9860000  24.0610000
   9.2690000  15.5580000  24.9360000   9.1090000  15.4780000  22.7530000
   8.3230000  14.7430000  22.7760000   8.9520000  16.1710000  21.9010000
  10.4850000  14.7510000  22.6050000  11.4590000  15.3410000  22.1010000
  10.5730000  13.4330000  23.0640000  11.4630000  12.9020000  22.9940000
   9.7480000  12.9870000  23.4750000   7.8370000  17.6780000  25.7920000
   8.7130000  18.4960000  26.0720000   6.8310000  17.2470000  26.8400000
   6.1450000  16.5380000  26.6100000   6.8000000  17.8750000  28.1650000
   6.7400000  18.9680000  28.0250000   5.6100000  17.4320000  29.1070000
   5.6690000  16.3350000  29.2400000   5.7000000  17.9100000  30.0900000
   4.2240000  17.8360000  28.5240000   4.0980000  17.2860000  27.5870000
   3.4520000  17.5490000  29.2640000   4.0550000  19.3760000  28.2100000
   4.8560000  19.6690000  27.5090000   3.0930000  19.5550000  27.7310000
   4.1000000  20.2810000  29.4850000   3.2710000  20.0390000  30.1750000
   5.0420000  20.0900000  29.9970000   3.9880000  21.7500000  29.0700000
   4.7720000  21.9800000  28.4190000   3.0970000  21.9320000  28.5870000
   4.0180000  22.3420000  29.9200000   8.0830000  17.4960000  28.8710000
   8.4160000  16.2880000  29.0970000   8.9290000  18.4960000  29.0630000
   8.6150000  19.4650000  28.8310000  10.1900000  18.2890000  29.7320000
  10.0290000  17.7640000  30.6940000  11.2590000  17.5010000  28.8590000
  12.1470000  17.3450000  29.4600000  10.8590000  16.5220000  28.6020000
  11.6650000  18.2510000  27.5260000  10.7950000  18.4080000  26.8990000
  12.0840000  19.2290000  27.7570000  12.7190000  17.3580000  26.7730000
  12.4070000  16.1530000  26.4660000  13.8540000  17.8770000  26.4930000
  10.7170000  19.6910000  29.9750000  10.1800000  20.7160000  29.4530000
  11.8490000  19.6150000  30.6800000  12.2180000  18.7590000  31.1350000
  12.4590000  20.9210000  30.8840000  12.1570000  21.6230000  30.0980000
  12.1240000  21.5410000  32.2910000  11.0500000  21.6820000  32.4060000
  12.4760000  20.8560000  33.0730000  12.7640000  22.8290000  32.4140000
  12.5490000  23.2080000  33.2950000  13.9480000  20.6950000  30.7940000
  14.4730000  19.7230000  31.3990000  14.7660000  21.5260000  29.8550000
  15.7770000  21.3900000  29.7760000  14.1740000  22.6610000  29.1510000
  13.4130000  23.1380000  29.7800000  15.2090000  23.6940000  28.7050000
  15.7110000  24.0710000  29.5780000  16.2470000  22.9830000  27.7540000
  16.7360000  22.1340000  28.3020000  15.7310000  22.5800000  26.8630000
  17.0160000  23.7260000  27.4160000  14.5920000  24.8040000  28.0120000
  15.2690000  25.4520000  27.7350000  13.5630000  22.1160000  27.8940000
  13.8510000  20.9620000  27.4790000  12.6740000  22.9850000  27.2540000
  12.3780000  23.8890000  27.6580000  12.1370000  22.5500000  25.9870000
  11.8410000  21.5030000  26.0530000  10.9600000  23.4530000  25.4930000
  11.3030000  24.4870000  25.4030000  10.6660000  23.0990000  24.5130000
   9.7120000  23.4360000  26.4550000  10.0090000  23.8620000  27.4020000
   8.5730000  24.3530000  25.9050000   8.9290000  25.4120000  25.8100000
   8.2780000  23.9850000  24.8980000   7.6980000  24.3190000  26.6130000
   9.2540000  21.9640000  26.7570000   8.9940000  21.4650000  25.7960000
  10.0760000  21.3870000  27.2440000   8.3620000  21.9880000  27.4440000
  13.2740000  22.7120000  24.9870000  14.0830000  23.6420000  25.1180000
  13.4760000  21.9990000  23.8600000  12.7810000  21.2650000  23.7300000
  14.6180000  22.1490000  22.9540000  15.2290000  22.9610000  23.3130000
  15.5020000  20.8530000  22.8370000  14.8640000  19.9970000  22.6460000
  16.2100000  20.9810000  22.0050000  16.2710000  20.5700000  24.1040000
  15.7480000  19.9050000  25.2340000  14.8070000  19.5230000  25.3510000
  16.7440000  19.8610000  26.1610000  16.6310000  19.3960000  27.1600000
  17.8640000  20.4500000  25.7060000  17.5640000  20.8960000  24.4100000
  18.2610000  21.4310000  23.7330000  14.1550000  22.5190000  21.5660000
  13.3060000  21.8330000  20.9930000  14.6990000  23.7490000  20.8500000
  15.3170000  24.3190000  21.4130000  14.3200000  24.2180000  19.5430000
  13.8680000  23.4110000  18.9990000  13.3620000  25.4360000  19.5670000
  13.8070000  26.2170000  20.1570000  13.2300000  25.7860000  18.5550000
  11.9720000  25.1050000  20.1690000  11.6070000  24.2420000  19.6430000
  12.0710000  24.7090000  21.6580000  12.7170000  23.8130000  21.7590000
  12.5030000  25.5500000  22.2300000  11.0630000  24.4800000  22.0540000
  10.9650000  26.2540000  19.9250000  11.3340000  27.1830000  20.3970000
  10.8550000  26.4170000  18.8360000   9.9870000  25.9830000  20.3670000
  15.5790000  24.6400000  18.8450000  16.4870000  25.1810000  19.4720000
  15.7530000  24.6250000  17.1690000  14.9760000  24.1850000  16.6930000
  16.8530000  25.1640000  16.4240000  17.6300000  25.4580000  17.1020000
  17.4160000  24.2110000  15.4050000  17.7160000  23.3140000  15.9060000
  16.3090000  23.8660000  14.3880000  15.4620000  23.3970000  14.9150000
  15.9660000  24.7870000  13.8890000  16.7080000  23.1670000  13.6340000
  18.6610000  24.8550000  14.7650000  18.3740000  25.7990000  14.2760000
  19.4120000  25.0570000  15.5470000  19.0870000  24.1680000  14.0140000
  16.3610000  26.3620000  15.6840000  15.3000000  26.3370000  15.0570000
  17.2600000  27.5980000  15.5010000  18.0990000  27.5470000  16.0700000
  16.9170000  28.8100000  14.8170000  15.8700000  28.8200000  14.5800000
  17.2890000  30.0820000  15.6180000  16.7700000  30.0510000  16.5600000
  18.3510000  30.0610000  15.7950000  16.9390000  31.4210000  14.9280000
  17.1320000  32.1970000  15.6460000  17.8380000  31.7020000  13.7120000
  18.8920000  31.7480000  14.0390000  17.7190000  30.8940000  12.9660000
  17.5470000  32.6660000  13.2570000  15.4350000  31.4960000  14.5920000
  15.1700000  30.6670000  13.9110000  14.8480000  31.4150000  15.5240000
  15.2100000  32.4590000  14.1020000  17.7210000  28.7600000  13.5630000
  18.9500000  28.8490000  13.5960000  16.8010000  28.8360000  12.3370000
  15.7940000  28.7420000  12.3300000  17.5370000  28.7780000  11.1060000
  18.5080000  29.2080000  11.2410000  17.6730000  27.3450000  10.5550000
  16.6880000  26.9390000  10.4230000  18.1740000  27.3910000   9.6020000
  18.4640000  26.4060000  11.4750000  19.4740000  26.7650000  11.5380000
  18.0130000  26.4270000  12.4530000  18.5010000  24.9520000  10.9870000
  19.0190000  24.3350000  11.7020000  17.5000000  24.5860000  10.8600000
  19.2220000  24.9360000   9.6780000  18.7010000  24.9700000   8.8100000
  20.5870000  24.8750000   9.6520000  21.2900000  24.8340000  10.8270000
  20.7990000  24.8500000  11.7140000  22.3000000  24.7870000  10.8080000
  21.2500000  24.8510000   8.4530000  20.7300000  24.8800000   7.5850000
  22.2600000  24.8040000   8.4330000  16.7760000  29.5570000  10.0840000
  15.5850000  29.8290000  10.2490000  17.2690000  30.5380000   8.7690000
  18.2750000  30.4200000   8.5920000  16.4440000  31.2800000   7.8220000
  15.7260000  31.8980000   8.3750000  17.2420000  32.1840000   6.8170000
  17.9950000  31.5650000   6.3060000  16.5510000  32.6070000   6.0820000
  17.9570000  33.3560000   7.5190000  18.4820000  33.9120000   6.7360000
  16.9250000  34.3460000   8.1800000  16.2540000  34.7780000   7.3910000
  16.3160000  33.7980000   8.9510000  17.4670000  35.1710000   8.6720000
  19.0320000  32.8220000   8.5220000  18.5440000  32.1870000   9.3140000
  19.8020000  32.2090000   7.9670000  19.5210000  33.6850000   9.0040000
  15.6990000  30.2690000   7.0160000  16.2200000  29.1670000   6.7100000
  14.5480000  30.9070000   6.3340000  14.1420000  31.7890000   6.7820000
  13.6930000  30.1440000   5.4720000  14.3230000  29.4240000   4.8570000
  12.6010000  29.3220000   6.3250000  11.9420000  28.8830000   5.5920000
  13.1250000  28.4910000   6.9000000  11.6910000  30.1700000   7.3820000
  11.2720000  29.4460000   8.1470000  12.3330000  30.8690000   7.8910000
  10.4960000  31.0480000   6.7710000  10.8760000  31.8830000   6.1090000
   9.8790000  30.4010000   6.1690000   9.6680000  31.6330000   7.9900000
  10.0670000  31.6120000   8.9540000   8.3740000  32.1960000   7.8070000
   7.8370000  32.2370000   6.5030000   8.3970000  31.8510000   5.6730000
   6.8790000  32.6540000   6.3690000   7.6200000  32.7170000   8.9320000
   8.0180000  32.6860000   9.8960000   6.6620000  33.1350000   8.7990000
  13.0360000  31.2120000   4.5110000  13.6620000  32.2400000   4.0900000
  11.6060000  31.3850000   3.7150000  11.0700000  30.4830000   3.8440000
  11.0250000  32.7230000   3.0190000  10.3750000  33.3460000   3.8180000
  11.8190000  33.3870000   2.6350000  10.2130000  32.3010000   1.7110000
  10.0000000  30.9960000   1.4790000   9.5260000  34.1090000   0.6330000
  11.0000000  34.7950000   0.9080000   8.2490000  34.5170000  -0.8630000
   9.1090000  34.1950000  -1.5930000   6.8230000  33.5190000  -0.9930000
   7.7190000  36.8890000  -1.1970000   5.7940000  37.3470000  -1.6370000
   9.2350000  38.2720000  -1.0190000
