
  1231
   8.5410000  28.3290000  30.8440000   8.9070000  29.2160000  31.1840000
   8.4490000  28.3660000  29.8320000   7.6330000  28.1570000  31.2620000
   9.4670000  27.2370000  31.2160000   9.5650000  27.1930000  32.2840000
   8.9460000  25.8840000  30.6860000   9.5110000  25.0950000  31.1470000
   7.9120000  25.7860000  30.9580000   9.0670000  25.7470000  29.1610000
  10.0950000  25.9050000  28.8930000   8.7740000  24.7470000  28.8920000
   8.0530000  26.9140000  28.1990000   6.5040000  25.9860000  28.4170000
   6.6160000  24.9740000  27.9910000   6.2690000  25.9090000  29.4930000
   5.6870000  26.5140000  27.8990000  10.7970000  27.5000000  30.5980000
  10.9800000  28.4890000  29.8800000  11.8380000  26.5560000  30.8520000
  11.6850000  25.7730000  31.4800000  13.1000000  26.7770000  30.2170000
  13.3430000  27.8230000  30.2550000  14.2460000  25.9600000  30.8410000
  14.3260000  26.2260000  31.8830000  14.0030000  24.9130000  30.7550000
  15.6060000  26.1980000  30.1740000  15.5740000  25.8770000  29.1440000
  15.8610000  27.2440000  30.2170000  16.6370000  25.3800000  30.9410000
  17.8250000  25.3960000  30.6180000  16.1720000  24.6470000  31.9980000
  16.8090000  24.0870000  32.5470000  15.1880000  24.6650000  32.2340000
  12.9210000  26.3580000  28.7930000  12.4770000  25.2400000  28.5090000
  13.2430000  27.2400000  27.8400000  13.5990000  28.1360000  28.1510000
  13.0970000  26.9710000  26.4410000  12.8320000  25.9430000  26.2960000
  12.0850000  27.8590000  25.7540000  11.2580000  27.9960000  26.4220000
  12.7400000  29.2340000  25.5160000  13.0360000  29.6730000  26.4840000
  13.6310000  29.1120000  24.8790000  12.0210000  29.9010000  25.0150000
  11.5480000  27.2270000  24.4500000  11.1670000  26.2500000  24.6850000
  10.7490000  27.8450000  24.0870000  12.5760000  27.0760000  23.3260000
  12.9730000  28.0690000  23.0540000  13.4010000  26.4330000  23.6680000
  12.0950000  26.6180000  22.4460000  14.4300000  27.2360000  25.8380000
  15.1400000  28.1520000  26.2550000  14.9050000  26.3780000  24.8450000
  14.2740000  25.6230000  24.5970000  16.1480000  26.5370000  24.1460000
  16.7560000  27.2930000  24.6110000  16.9170000  25.1970000  24.0400000
  17.0310000  24.7850000  25.0250000  16.3520000  24.5130000  23.4260000
  18.2730000  25.3980000  23.4300000  18.4520000  25.3720000  22.0630000
  17.5970000  25.2090000  21.4090000  19.7110000  25.5530000  21.5220000
  19.8430000  25.5310000  20.4420000  20.8060000  25.7600000  22.3340000
  21.7940000  25.9040000  21.9000000  20.6360000  25.7840000  23.7000000
  21.4910000  25.9450000  24.3530000  19.3770000  25.6000000  24.2350000
  19.2490000  25.6160000  25.3140000  15.7770000  26.9290000  22.7510000
  15.1960000  26.1290000  22.0090000  15.9810000  28.0970000  22.4310000
  16.3120000  28.7320000  23.1450000  15.7880000  28.5680000  21.0930000
  15.1830000  27.8820000  20.5340000  15.2220000  29.9560000  21.0120000
  15.8610000  30.6190000  21.5600000  15.2080000  30.3880000  19.5350000
  16.2370000  30.3760000  19.1390000  14.5820000  29.6920000  18.9540000
  14.7950000  31.4060000  19.4550000  13.8300000  29.9580000  21.6690000
  13.1700000  29.2530000  21.1360000  13.9210000  29.6520000  22.7240000
  13.4000000  30.9720000  21.6180000  17.1660000  28.6090000  20.5470000
  17.9800000  29.4370000  20.9600000  17.4950000  27.6620000  19.5640000
  16.7200000  27.1510000  19.1480000  18.8320000  27.4690000  19.0890000
  19.5200000  27.6890000  19.8890000  19.1080000  26.0350000  18.5770000
  18.9130000  25.3440000  19.3760000  18.4410000  25.8280000  17.7520000
  20.5570000  25.8280000  18.1030000  20.6890000  26.3730000  17.1870000
  21.2230000  26.2210000  18.8580000  20.9300000  24.3570000  17.8440000
  21.9900000  24.2340000  18.0200000  20.3810000  23.7440000  18.5320000
  20.6110000  23.8850000  16.4140000  20.8080000  22.8280000  16.3270000
  19.5710000  24.0790000  16.1940000  21.4640000  24.6190000  15.4490000
  21.2780000  25.6180000  15.5290000  22.4480000  24.4350000  15.6560000
  21.2500000  24.3030000  14.5020000  19.1260000  28.3660000  17.9490000
  18.7910000  28.0750000  16.7910000  19.6590000  29.5180000  18.2950000
  19.6720000  29.7830000  19.2780000  20.2790000  30.3630000  17.3410000
  19.9710000  30.1400000  16.3310000  20.1820000  31.8390000  17.6630000
  20.6800000  32.3930000  16.8940000  18.6910000  32.2650000  17.6990000
  18.2240000  32.0670000  16.7100000  18.1680000  31.6870000  18.4780000
  18.6160000  33.3460000  17.9350000  20.8090000  32.1150000  18.9230000
  20.7410000  33.0600000  19.1190000  21.6810000  29.9330000  17.6160000
  21.8890000  28.9100000  18.2780000  22.7210000  30.6200000  17.0020000
  22.6350000  31.4520000  16.4240000  23.9950000  29.9690000  17.3190000
  23.9200000  28.9080000  17.0640000  25.2050000  30.5590000  16.5540000
  25.2550000  31.6290000  16.7860000  26.1310000  30.0690000  16.8960000
  25.0830000  30.3550000  15.0030000  24.9010000  29.2970000  14.8100000
  23.8370000  31.1370000  14.4310000  22.8960000  30.7680000  14.8950000
  23.9490000  32.2310000  14.6660000  23.7770000  30.9730000  13.3240000
  26.4270000  30.6930000  14.2990000  26.6900000  31.7610000  14.5240000
  27.2540000  30.0240000  14.6740000  26.3010000  30.5360000  13.1960000
  24.3020000  30.1300000  18.8230000  24.6630000  29.1430000  19.4880000
  23.8790000  31.3860000  19.3670000  23.3860000  32.0790000  18.8010000
  24.2460000  31.7530000  20.7430000  25.2940000  31.4960000  20.8500000
  24.1460000  33.2460000  20.9850000  24.6960000  33.7520000  20.2150000
  22.6520000  33.6870000  20.9110000  22.2390000  33.4390000  19.9030000
  22.0770000  33.1570000  21.6900000  22.5710000  34.7800000  21.0880000
  24.7070000  33.5760000  22.2700000  24.6390000  34.5320000  22.4170000
  23.5400000  31.0880000  21.9150000  24.2320000  30.4840000  22.7590000
  22.0390000  31.3870000  22.0530000  21.4690000  31.7080000  21.2780000
  21.4550000  30.9680000  23.3190000  21.6320000  29.9130000  23.4390000
  21.9400000  31.5110000  24.1180000  19.9500000  31.2270000  23.3950000
  19.3060000  31.4830000  22.3730000  19.1400000  31.4070000  24.5090000
  19.7140000  31.3230000  25.3380000  17.6890000  31.4520000  24.6590000
  17.3080000  32.2980000  24.1260000  17.0520000  30.1760000  24.0980000
  16.0440000  30.0990000  24.4680000  17.0360000  30.2370000  23.0240000
  17.8320000  28.9130000  24.5100000  17.3680000  28.0650000  24.0410000
  18.8430000  29.0110000  24.1570000  17.8730000  28.6640000  26.0240000
  18.1700000  29.5770000  26.5060000  16.8820000  28.3950000  26.3450000
  18.8320000  27.5620000  26.4700000  18.5460000  26.6340000  26.0080000
  19.8330000  27.8170000  26.1710000  18.7830000  27.4140000  27.9420000
  19.0550000  28.2890000  28.3820000  17.8370000  27.1710000  28.2270000
  19.4220000  26.6810000  28.2290000  17.2200000  31.5220000  26.1160000
  18.0290000  31.3660000  27.0290000  15.7590000  31.7980000  26.4400000
  15.2230000  32.1000000  25.6380000  15.0430000  31.6890000  27.7120000
  15.0550000  30.6680000  28.0320000  15.6270000  32.5480000  28.7960000
  16.6810000  32.3650000  28.8630000  15.3920000  34.0230000  28.4340000
  15.8810000  34.2470000  27.4740000  14.3100000  34.2120000  28.3490000
  15.8160000  34.6670000  29.2220000  15.0190000  32.2460000  30.0440000
  15.4000000  32.8010000  30.7290000  13.5930000  32.1340000  27.5180000
  13.3620000  33.1090000  26.8080000  12.4300000  31.7190000  27.9140000
  12.6080000  30.9480000  28.5430000  11.0650000  32.1750000  27.6670000
  11.0870000  33.2380000  27.5250000  10.3870000  31.5540000  26.4780000
   9.4450000  32.0450000  26.3460000  11.2440000  31.8330000  25.2300000
  11.3400000  32.9230000  25.0860000  12.2450000  31.3920000  25.3660000
  10.7640000  31.3850000  24.3460000  10.1090000  30.0610000  26.7300000
  11.0400000  29.5300000  26.6800000   9.6870000  29.9550000  27.7130000
   9.1440000  29.4390000  25.7200000   8.1770000  29.9660000  25.7640000
   9.5650000  29.5290000  24.7040000   8.9930000  28.3730000  25.9620000
  10.1360000  31.8700000  28.8170000  10.4640000  31.1170000  29.7320000
   8.8430000  32.5900000  28.6850000   8.6290000  33.2010000  27.9050000
   7.8290000  32.3650000  29.6870000   8.2900000  31.9820000  30.5780000
   7.0390000  33.5950000  30.0360000   7.7120000  34.4000000  30.2610000
   6.1720000  33.9840000  28.8210000   6.8210000  34.1910000  27.9520000
   5.4880000  33.1510000  28.5770000   5.5870000  34.8870000  29.0640000
   6.2190000  33.3390000  31.1710000   5.7170000  34.1310000  31.3870000
   6.8540000  31.3410000  29.1610000   6.8200000  31.0420000  27.9640000
   6.0260000  30.8020000  30.0010000   6.1010000  31.1330000  30.9590000
   5.0610000  29.7620000  29.7160000   5.5560000  28.9610000  29.2010000
   4.4030000  29.1920000  30.9920000   3.9340000  30.0030000  31.5220000
   3.6570000  28.4720000  30.6960000   5.3940000  28.4950000  31.9500000
   5.9470000  27.7890000  31.3620000   6.4100000  29.5000000  32.5340000
   6.9800000  29.9660000  31.7090000   5.8770000  30.2850000  33.0980000
   7.1010000  28.9690000  33.2130000   4.6590000  27.6900000  33.0430000
   4.0260000  28.3720000  33.6360000   4.0300000  26.9140000  32.5670000
   5.3950000  27.2060000  33.7080000   3.9570000  30.2760000  28.8400000
   3.4810000  29.5740000  27.9400000   3.4810000  31.5330000  29.1360000
   3.9680000  32.0880000  29.8330000   2.3520000  32.1150000  28.4610000
   1.5160000  31.4510000  28.5810000   1.9650000  33.4980000  29.0360000
   1.1070000  33.8540000  28.4940000   1.7100000  33.3690000  30.0760000
   3.0630000  34.5660000  28.9410000   3.9310000  34.2450000  29.4900000
   3.3270000  34.7330000  27.9090000   2.5120000  35.8530000  29.5520000
   2.1450000  35.8220000  30.7650000   2.4450000  36.8800000  28.8150000
   2.6200000  32.2670000  26.9880000   1.6950000  32.2290000  26.1730000
   3.8790000  32.3350000  26.6980000   4.5990000  32.2280000  27.3990000
   4.2560000  32.6840000  25.3550000   3.8440000  33.6510000  25.1420000
   5.7420000  32.7670000  25.1510000   6.1590000  33.4030000  25.9060000
   6.3400000  31.3560000  25.3030000   6.1220000  30.9720000  26.3140000
   5.8950000  30.6840000  24.5500000   7.4300000  31.4020000  25.1550000
   6.0050000  33.4000000  23.7700000   5.5490000  32.7730000  22.9850000
   5.5630000  34.4100000  23.7370000   7.0910000  33.4700000  23.6000000
   3.7120000  31.7220000  24.3370000   3.5090000  30.5350000  24.6010000
   3.3450000  32.2900000  23.1060000   3.4940000  33.2850000  23.0040000
   2.8760000  31.5690000  21.9560000   2.6550000  30.5530000  22.2170000
   1.6530000  32.2330000  21.3010000   1.3160000  31.6060000  20.4960000
   0.8780000  32.3150000  22.0390000   1.9330000  33.6300000  20.7420000
   2.2520000  34.2860000  21.5320000   2.6970000  33.5760000  19.9910000
   0.6360000  34.1440000  20.1290000  -0.4220000  33.4990000  20.3620000
   0.6830000  35.1880000  19.4210000   3.9900000  31.6170000  20.9500000
   4.8430000  32.4990000  21.0300000   4.0120000  30.7120000  20.0320000
   3.7610000  29.3150000  20.3570000   2.7130000  29.0960000  20.2810000
   4.1020000  29.0960000  21.3520000   4.5550000  28.4920000  19.3260000
   3.9320000  27.7380000  18.8810000   5.4050000  28.0250000  19.7880000
   5.0060000  29.5160000  18.2680000   4.2880000  29.5990000  17.4730000
   5.9640000  29.2580000  17.8590000   5.0800000  30.7990000  19.0840000
   5.9810000  30.7270000  19.6570000   5.1900000  32.0800000  18.3160000
   6.3120000  32.4680000  17.9970000   4.1560000  32.8300000  18.0130000
   3.2320000  32.4780000  18.2270000   4.3290000  34.0840000  17.3370000
   4.9040000  33.9350000  16.4460000   2.9880000  34.7520000  16.9800000
   2.4270000  34.1020000  16.3350000   2.4300000  34.9320000  17.8810000
   3.2160000  35.9870000  16.3170000   2.3730000  36.3940000  16.1000000
   5.0620000  35.0080000  18.2570000   5.9430000  35.7580000  17.8380000
   4.7990000  35.0050000  19.4910000   4.0680000  34.3750000  19.7900000
   5.4090000  35.8840000  20.4490000   5.3780000  36.8840000  20.0680000
   4.7060000  35.8520000  21.8210000   3.6430000  35.9430000  21.6850000
   4.9260000  34.9250000  22.3180000   5.2170000  37.0160000  22.6600000
   6.1150000  37.7520000  22.1660000   4.7160000  37.1830000  23.8060000
   6.8430000  35.4880000  20.6570000   7.7160000  36.3470000  20.7730000
   7.1770000  34.1480000  20.6650000   6.4380000  33.4740000  20.5210000
   8.5280000  33.7000000  20.8600000   8.9120000  34.1590000  21.7470000
   8.6540000  32.2100000  21.0030000   7.9590000  31.8680000  21.7410000
   8.3350000  31.5340000  19.6620000   7.3060000  31.7870000  19.3590000
   9.0410000  31.8890000  18.8950000   8.4280000  30.4430000  19.7700000
   9.9710000  31.8730000  21.4140000  10.0440000  30.9200000  21.5040000
   9.3660000  34.1400000  19.7000000  10.5030000  34.5730000  19.8790000
   8.8000000  34.1270000  18.6710000   7.8420000  33.8320000  18.5490000
   9.5860000  34.5260000  17.5390000  10.4850000  33.9460000  17.5390000
   8.8960000  34.3180000  16.2150000   8.5360000  33.3090000  16.1890000
   7.6810000  35.2520000  16.1260000   6.9840000  35.0250000  16.9470000
   8.0150000  36.3010000  16.2070000   7.1730000  35.1030000  15.1580000
   9.9000000  34.4890000  15.0620000  10.1370000  35.5330000  14.9680000
  10.7890000  33.9390000  15.3020000   9.3660000  33.9890000  13.7180000
   9.1270000  32.9150000  13.7940000   8.4570000  34.5510000  13.4520000
  10.1310000  34.1400000  12.9390000   9.9620000  35.9740000  17.6620000
  11.1150000  36.3420000  17.4430000   9.1800000  36.8570000  17.9920000
   8.2370000  36.5220000  18.1670000   9.4950000  38.2610000  18.1060000
   9.9400000  38.5880000  17.1800000   8.2740000  39.1540000  18.3930000
   8.5970000  40.1830000  18.3560000   7.5390000  38.9760000  17.6200000
   7.6090000  38.9040000  19.7570000   7.1210000  37.9400000  19.7630000
   8.3490000  38.9400000  20.5450000   6.5810000  40.0080000  19.9630000
   6.0060000  40.4810000  18.9370000   6.3640000  40.3990000  21.1480000
  10.4890000  38.4800000  19.2140000  11.3930000  39.3190000  19.0920000
  10.5820000  37.8480000  20.2070000   9.8180000  37.1860000  20.3040000
  11.5020000  38.0550000  21.2990000  11.5220000  39.0990000  21.5440000
  11.1330000  37.2410000  22.5630000  10.9610000  36.2110000  22.3030000
  11.9320000  37.3000000  23.2850000   9.8560000  37.8410000  23.1460000
   9.6000000  39.0410000  23.0060000   9.0300000  36.9890000  23.8240000
   8.1700000  37.3340000  24.2330000   9.2750000  36.0120000  23.9200000
  12.8790000  37.6310000  20.8790000  13.8640000  38.3280000  21.1510000
  12.9400000  36.5380000  20.1580000  12.0990000  36.0210000  19.9180000
  14.2100000  36.0810000  19.6770000  14.8640000  35.9150000  20.5160000
  14.0990000  34.8060000  18.8750000  13.4280000  34.9760000  18.0490000
  15.4870000  34.4600000  18.3120000  15.8360000  35.2870000  17.6630000
  16.1990000  34.3200000  19.1500000  15.4210000  33.5250000  17.7210000
  13.5010000  33.7020000  19.7790000  14.1600000  33.5430000  20.6570000
  12.5030000  34.0150000  20.1220000  13.4120000  32.7580000  19.2060000
  14.8020000  37.1350000  18.7900000  15.9720000  37.5010000  18.9380000
  14.0090000  37.6990000  18.0150000  13.0300000  37.4410000  17.9590000
  14.5360000  38.7120000  17.1310000  15.3620000  38.2870000  16.5950000
  13.4990000  39.2460000  16.0940000  13.9890000  39.9620000  15.4470000
  13.1420000  38.4050000  15.5030000  12.2900000  39.9450000  16.7280000
  11.6640000  39.1840000  17.1740000  12.6460000  40.6250000  17.5010000
  11.4450000  40.7560000  15.7110000  12.0330000  41.5970000  15.3620000
  11.1980000  40.1080000  14.8730000  10.1410000  41.3090000  16.2970000
   9.5560000  41.7640000  15.5010000   9.5870000  40.4910000  16.7390000
  10.4410000  42.3400000  17.3460000  10.9930000  41.9120000  18.1010000
  10.9640000  43.1150000  16.9310000   9.5700000  42.6990000  17.7280000
  15.0320000  39.8890000  17.9420000  16.1100000  40.4330000  17.6800000
  14.3590000  40.3850000  18.8370000  13.4820000  39.9090000  19.0330000
  14.7550000  41.5440000  19.6150000  14.9300000  42.3830000  18.9500000
  13.7000000  41.9470000  20.6590000  12.7470000  42.1910000  20.1370000
  13.5390000  41.0970000  21.3640000  14.0590000  42.8410000  21.2250000
  16.0240000  41.2230000  20.3720000  16.9520000  42.0510000  20.4360000
  16.1010000  40.1300000  20.8120000  15.3840000  39.4230000  20.6700000
  17.2480000  39.8110000  21.6220000  17.3240000  40.5270000  22.4280000
  17.1620000  38.3810000  22.2210000  16.9830000  37.6800000  21.4130000
  18.1010000  38.1520000  22.7010000  16.0490000  38.2150000  23.2610000
  16.3740000  38.6730000  24.1890000  15.1740000  38.7260000  22.8930000
  15.6780000  36.7410000  23.5470000  15.1440000  36.7010000  24.4840000
  15.0390000  36.3900000  22.7450000  16.8830000  35.7940000  23.6510000
  17.6700000  36.2850000  24.2080000  16.5910000  34.8870000  24.1660000
  17.3690000  35.4490000  22.2870000  16.6270000  34.9830000  21.7590000
  17.6460000  36.3060000  21.7990000  18.1660000  34.8220000  22.3670000
  18.4990000  39.8730000  20.7990000  19.4800000  40.4940000  21.2280000
  18.5720000  38.9090000  19.7410000  17.6940000  38.5530000  19.3500000
  19.8110000  38.8120000  19.0200000  20.6370000  38.8350000  19.7300000
  19.8960000  37.5350000  18.1880000  20.8500000  37.5240000  17.7030000
  19.8400000  36.3050000  19.1510000  20.6920000  36.3540000  19.8780000
  18.8860000  36.3270000  19.7020000  19.9010000  35.3550000  18.5610000
  18.7820000  37.5280000  17.0830000  17.8310000  37.3820000  17.5590000
  18.7860000  38.4970000  16.5800000  18.9550000  36.4110000  16.0220000
  19.9240000  36.5510000  15.5140000  18.9420000  35.4070000  16.5180000
  18.1260000  36.4720000  15.2690000  19.9400000  39.9820000  18.0590000
  20.6630000  39.8820000  17.0660000  19.4010000  40.8570000  18.6150000
  18.7320000  41.0380000  19.3650000  19.9420000  42.0980000  17.8520000
  19.2980000  43.0260000  18.0540000  21.5420000  42.4790000  18.2580000
  22.1840000  41.5180000  18.1620000  21.9000000  43.3340000  17.5760000
  21.7780000  42.9990000  19.7130000  21.2890000  42.2310000  20.4040000
  22.9220000  43.0980000  19.9850000  21.0610000  44.4880000  19.7650000
  19.9070000  44.6180000  20.3130000  21.7590000  45.6440000  19.1700000
  21.3320000  46.6590000  19.1710000  22.7040000  45.4870000  18.7280000
  19.8120000  41.8840000  16.3470000  20.8790000  42.1170000  15.6720000
  18.3120000  41.2850000  15.6590000  17.6230000  40.9080000  16.2980000
  18.1040000  41.1810000  14.2080000  18.9820000  41.6150000  13.7570000
  17.9240000  39.6950000  13.6370000  17.8110000  39.7280000  12.5510000
  18.8070000  39.0790000  13.9200000  16.6580000  39.0620000  14.2130000
  16.2910000  39.5240000  15.3400000  16.0470000  38.1150000  13.5460000
  16.8830000  42.0570000  13.7980000  15.7430000  41.8360000  14.2370000
  17.3870000  42.8760000  13.1100000  18.4560000  42.5260000  12.6740000
  16.6060000  44.3660000  12.7390000  16.2510000  45.0600000  13.6620000
  17.8090000  45.4140000  12.0660000  18.2840000  44.6970000  11.1930000
  17.1540000  46.4670000  11.7410000  19.2590000  45.9940000  13.0560000
  18.8170000  46.9630000  13.7720000  19.6800000  44.9810000  13.5940000
  20.7320000  46.6310000  12.3760000  21.1840000  45.6650000  11.6620000
  20.3220000  47.6480000  11.8390000  22.1530000  47.1980000  13.4000000
  23.1090000  47.7080000  12.8710000  21.7000000  48.1140000  14.1560000
  22.8350000  45.7910000  14.0800000  21.9340000  45.3080000  14.5820000
  23.2650000  44.9250000  13.3680000  23.7750000  46.1760000  14.7570000
  15.0720000  44.1060000  11.8090000  13.8400000  44.9760000  12.0240000
  14.4330000  42.8750000  10.6940000  15.4720000  42.8460000  10.3080000
  13.3110000  42.4400000   9.7640000  12.3010000  43.0640000  10.0360000
  13.6180000  42.6010000   8.0490000  14.6650000  42.0320000   7.7880000
  12.7920000  42.1620000   7.4450000  13.6250000  44.1400000   7.5250000
  12.5830000  44.7250000   7.7680000  14.4580000  44.5940000   8.1060000
  13.9330000  44.1790000   5.8190000  12.8870000  44.0970000   4.9430000
  15.2180000  44.2930000   5.3710000  13.1560000  40.9260000  10.1190000
  13.8270000  39.9650000   9.3890000  12.2890000  40.7310000  10.4020000
  11.7980000  41.6130000  10.5920000  11.6820000  39.5050000  10.8910000
  12.4200000  38.9240000  11.4370000  10.8730000  39.7730000  11.5640000
  11.1460000  38.6490000   9.7640000  11.1170000  37.4030000   9.8750000
  10.2660000  38.6720000   8.5820000  10.2400000  39.6990000   8.3940000
   9.8020000  37.7010000   7.5990000   9.0120000  37.1080000   8.1030000
   9.1040000  38.3830000   6.4160000   8.2080000  38.8830000   6.8320000
  10.0100000  39.5420000   5.8170000  10.1920000  40.3320000   6.5930000
  11.0020000  39.1060000   5.4620000   9.4870000  40.0190000   4.9660000
   8.5730000  37.3230000   5.3860000   8.0040000  36.5430000   5.9300000
   7.9000000  37.8560000   4.7250000   9.6790000  36.5990000   4.5210000
  10.2700000  37.3750000   3.9380000  10.3770000  36.0280000   5.1740000
   9.1880000  35.8700000   3.8260000  10.8960000  36.6720000   7.1950000
  10.5210000  35.4730000   7.0060000  12.1550000  37.1010000   7.2270000
  12.7410000  38.4800000   7.0160000  12.4450000  39.1710000   7.8430000
  12.4230000  38.8970000   6.0720000  14.2940000  38.2530000   6.9720000
  14.6920000  38.3440000   7.9760000  14.8120000  38.9870000   6.3130000
  14.4470000  36.7620000   6.3990000  15.2900000  36.2600000   6.8470000
  14.6060000  36.7690000   5.3100000  13.0930000  36.0250000   6.7950000
  12.7090000  35.5650000   5.8810000  13.2610000  34.8660000   7.7870000
  13.5630000  33.7170000   7.3080000  13.0780000  35.0390000   8.9280000
  13.6650000  36.3150000   9.3930000  13.0510000  37.1620000   9.1150000
  14.6610000  36.4500000   8.9730000  13.7090000  36.1750000  10.9370000
  12.7840000  36.5120000  11.4020000  14.5340000  36.7460000  11.3430000
  13.9060000  34.6390000  11.1480000  13.3870000  34.3060000  12.0530000
  14.9560000  34.4030000  11.2160000  13.3010000  33.9610000   9.8950000
  14.0720000  33.3280000   9.4640000  12.1410000  33.0350000  10.2510000
  10.9820000  33.3760000  10.0010000  12.1820000  31.4810000  10.8140000
  13.1600000  31.2770000  10.9830000  11.1860000  30.5460000  11.2940000
  10.2990000  31.0760000  11.6020000  10.8300000  29.4550000  10.2460000
  10.6230000  29.9250000   9.3020000  11.6600000  28.7740000  10.1280000
   9.5910000  28.6770000  10.7220000   8.8770000  29.1830000  11.6470000
   9.3440000  27.5610000  10.1620000  11.7810000  29.8270000  12.4680000
  13.0010000  29.8510000  12.6650000  10.9040000  29.0680000  13.3630000
   9.9130000  29.2240000  13.2550000  11.3800000  28.3160000  14.4890000
  12.4470000  28.3850000  14.5450000  10.7620000  28.7500000  15.8260000
  11.2210000  28.1820000  16.6130000  10.9660000  29.7930000  15.9720000
   9.2490000  28.5370000  15.8940000   9.0080000  27.5370000  15.5870000
   8.9020000  28.6980000  16.8970000   8.5960000  29.5390000  14.9540000
   7.5500000  29.2660000  14.3680000   9.2240000  30.7370000  14.8090000
   8.8340000  31.4420000  14.1980000  10.0810000  30.9230000  15.3110000
  10.9780000  26.8960000  14.2490000   9.8040000  26.6020000  14.0160000
  11.8210000  25.9360000  14.4200000  12.7670000  26.2590000  14.5990000
  11.5480000  24.5470000  14.1860000  10.4900000  24.4250000  14.0370000
  12.2920000  23.9780000  12.9640000  12.0270000  24.5660000  12.1010000
  13.3530000  24.0550000  13.1400000  11.9540000  22.5110000  12.6800000
  12.2410000  21.8960000  13.5180000  10.8950000  22.4070000  12.5050000
  12.7300000  22.0880000  11.4390000  12.7480000  20.9060000  11.0870000
  13.3940000  23.0730000  10.7610000  13.9270000  22.8480000   9.9320000
  13.3530000  24.0290000  11.0890000  11.9580000  23.7450000  15.3860000
  12.9440000  24.0580000  16.0590000  11.0480000  22.5340000  15.8710000
  10.2230000  22.3430000  15.3120000  11.3040000  21.7320000  17.0380000
  12.3620000  21.6120000  17.1630000  10.7040000  22.3050000  18.3340000
  10.9120000  21.6270000  19.1450000  11.1630000  23.2590000  18.5360000
   9.1920000  22.4960000  18.2280000   8.9940000  23.1690000  17.4090000
   8.7430000  21.5380000  18.0210000   8.5390000  23.0660000  19.4870000
   8.5180000  22.3250000  20.2710000   9.0760000  23.9360000  19.8290000
   7.1540000  23.4320000  19.0780000   6.9320000  24.3960000  18.8560000
   6.1840000  22.4700000  19.0030000   6.4440000  21.1970000  19.4350000
   7.3520000  20.9700000  19.8200000   5.7280000  20.4810000  19.3690000
   4.9620000  22.7780000  18.4690000   4.7760000  23.7190000  18.1410000
   4.2420000  22.0650000  18.4020000  10.6750000  20.3980000  16.7960000
   9.8710000  20.2260000  15.8740000  11.0030000  19.3930000  17.7070000
  11.6990000  19.6080000  18.4260000  10.4390000  18.0670000  17.5930000
  10.0560000  17.9260000  16.5880000  11.4330000  16.9320000  17.9370000
  11.8530000  17.1190000  18.9220000  10.8940000  15.9880000  17.9460000
  12.5890000  16.8320000  16.9220000  12.1420000  16.7380000  15.9390000
  13.4510000  18.1290000  16.9080000  12.8200000  18.9940000  16.6200000
  13.8850000  18.2990000  17.9210000  14.2660000  18.0220000  16.1730000
  13.4210000  15.5520000  17.1720000  13.8510000  15.5760000  18.2010000
  12.7700000  14.6530000  17.0630000  14.2390000  15.5080000  16.4330000
   9.3110000  17.9740000  18.5680000   9.3440000  18.5820000  19.6480000
   8.3260000  17.2320000  18.2460000   8.3800000  16.7820000  17.3340000
   7.1440000  17.0400000  19.0340000   7.1880000  17.6680000  19.9100000
   5.8780000  17.3300000  18.2400000   5.9560000  16.8300000  17.2880000
   4.6380000  16.7630000  18.9580000   4.7380000  15.6630000  19.0730000
   4.5520000  17.2310000  19.9610000   3.7350000  16.9910000  18.3570000
   5.7970000  18.8560000  17.9660000   5.6850000  19.3640000  18.9130000
   6.7150000  19.1710000  17.5040000   4.6360000  19.2710000  17.0460000
   4.7380000  18.7710000  16.0610000   3.6820000  18.9690000  17.5080000
   4.6530000  20.3740000  16.9040000   7.2070000  15.5940000  19.4390000
   8.0110000  14.8520000  18.8680000   6.4440000  15.0640000  20.5570000
   5.7900000  15.7110000  20.9860000   6.5030000  13.6870000  20.9940000
   7.4540000  13.4850000  21.4540000   5.3680000  13.2790000  21.9580000
   4.4360000  13.6820000  21.5930000   5.3050000  12.1990000  22.0000000
   5.6440000  13.8160000  23.3340000   5.3720000  15.1360000  23.6540000
   4.9530000  15.8070000  22.8990000   5.6330000  15.6080000  24.9330000
   5.4240000  16.6530000  25.1760000   6.1540000  14.7680000  25.9040000
   6.3500000  15.1470000  26.9110000   6.4250000  13.4480000  25.5920000
   6.8430000  12.7780000  26.3490000   6.1630000  12.9810000  24.3140000
   6.3700000  11.9350000  24.0720000   6.3270000  12.8240000  19.7740000
   7.1520000  11.9430000  19.5080000   5.2640000  13.0690000  19.1030000
   4.5950000  13.7830000  19.3770000   5.0200000  12.2770000  17.9090000
   5.0830000  11.2200000  18.1520000   3.6540000  12.5790000  17.2380000
   2.8470000  12.3530000  17.9560000   3.6110000  13.6570000  16.9460000
   3.5260000  11.9430000  16.3310000   6.0810000  12.6420000  16.9150000
   6.6340000  11.7680000  16.2330000   6.3380000  14.0610000  16.7600000
   5.8960000  14.6950000  17.4140000   7.3010000  14.6020000  15.8370000
   8.0350000  15.1950000  16.3700000   7.7930000  13.8000000  15.3150000
   6.5430000  15.4680000  14.8590000   5.8460000  14.9630000  13.9650000
   6.7710000  16.9480000  14.9200000   7.3710000  17.3460000  15.6510000
   6.0200000  17.8480000  14.0500000   6.0930000  17.5070000  13.0310000
   4.5230000  17.9570000  14.4150000   4.4570000  18.2310000  15.4590000
   4.0710000  18.7350000  13.7990000   3.7410000  16.6300000  14.1940000
   3.5930000  16.4950000  13.1290000   4.3370000  15.8130000  14.5950000
   2.3620000  16.5810000  14.8650000   2.5050000  16.7170000  15.9320000
   1.7610000  17.3930000  14.4630000   1.6040000  15.2420000  14.6330000
   1.3780000  15.1350000  13.5760000   2.2260000  14.4140000  14.9660000
   0.3330000  15.2220000  15.3950000   0.5430000  15.3190000  16.3940000
  -0.2580000  16.0010000  15.0800000  -0.1590000  14.3300000  15.2320000
   6.6610000  19.2320000  14.1630000   7.7200000  19.3790000  14.8090000
   6.2010000  20.5190000  13.2990000   5.3200000  20.5020000  12.8050000
   6.8830000  21.7850000  13.4600000   7.8390000  21.6010000  13.9030000
   7.0990000  22.5060000  12.1210000   6.1430000  22.6780000  11.6640000
   7.5810000  23.4460000  12.3070000   7.9650000  21.6890000  11.1620000
   8.9530000  21.5800000  11.5650000   7.5300000  20.7190000  11.0140000
   8.0250000  22.4350000   9.8430000   8.6130000  21.9650000   8.8710000
   7.3870000  23.6360000   9.8050000   7.3880000  24.1820000   8.9540000
   6.9130000  23.9840000  10.6270000   6.1000000  22.7060000  14.3730000
   4.9810000  22.3790000  14.7650000   6.7380000  24.1120000  14.5290000
   7.5990000  24.3690000  14.0650000   6.1300000  25.0390000  15.4610000
   5.4230000  24.4990000  16.0600000   7.1590000  25.7000000  16.4030000
   7.7090000  24.9240000  16.9060000   7.8320000  26.2920000  15.8110000
   6.5190000  26.6110000  17.4670000   5.8820000  27.3000000  16.9490000
   5.6270000  25.7870000  18.4130000   4.8270000  25.2990000  17.8300000
   6.2340000  25.0190000  18.9200000   5.1780000  26.4550000  19.1660000
   7.5740000  27.4470000  18.2210000   8.2850000  26.7730000  18.7270000
   8.1180000  28.0850000  17.5040000   7.0750000  28.0820000  18.9700000
   5.4040000  26.1430000  14.7490000   5.9730000  26.8630000  13.9260000
   4.1970000  26.3430000  15.0860000   3.7570000  25.7770000  15.8010000
   3.4620000  27.3710000  14.4060000   4.0930000  27.7960000  13.6490000
   2.1660000  26.8770000  13.7290000   1.5960000  26.3120000  14.4460000
   1.5980000  27.7320000  13.4060000   2.4470000  25.9840000  12.5110000
   3.0200000  26.5360000  11.7860000   2.9990000  25.1140000  12.8240000
   1.1210000  25.5510000  11.8900000   0.0550000  25.9090000  12.4570000
   1.1600000  24.8570000  10.8340000   3.1300000  28.4510000  15.3900000
   3.0000000  28.2100000  16.5950000   3.1570000  29.8310000  14.9390000
   3.3400000  30.0230000  13.9650000   2.7920000  30.9240000  15.7970000
   3.3270000  30.8730000  16.7240000   3.0000000  32.2920000  15.1240000
   2.4530000  32.3300000  14.2010000   2.6570000  33.0750000  15.7750000
   4.4890000  32.4600000  14.8520000   5.2860000  31.6570000  15.4080000
   4.8470000  33.3990000  14.0900000   1.3260000  30.7650000  16.0210000
   0.8000000  29.6930000  15.7690000   0.6560000  31.7210000  16.5700000
   1.1410000  32.5100000  16.9790000  -0.7860000  31.6860000  16.5820000
  -1.1560000  32.6930000  16.6650000  -1.1300000  31.2520000  15.6590000
  -1.3290000  30.8790000  17.7220000  -2.4660000  31.0950000  18.1410000
  -0.6290000  29.9160000  18.2800000   0.3020000  29.7640000  17.9200000
  -1.1080000  29.1330000  19.3870000  -2.0410000  29.5290000  19.7350000
  -1.2520000  27.6260000  19.0780000  -0.2970000  27.2480000  18.7620000
  -1.5530000  27.1200000  19.9770000  -2.2850000  27.3300000  17.9780000
  -1.8660000  27.6140000  17.0310000  -2.4880000  26.2720000  17.9780000
  -3.6070000  28.0820000  18.1630000  -3.4240000  29.1410000  18.2310000
  -4.2630000  27.8820000  17.3320000  -4.2240000  27.5920000  19.4290000
  -3.9710000  28.0190000  20.3130000  -5.1300000  26.5670000  19.3950000
  -5.4890000  26.0050000  18.1960000  -5.0830000  26.3460000  17.3360000
  -6.1620000  25.2470000  18.1700000  -5.6810000  26.1080000  20.5580000
  -5.4160000  26.5260000  21.4440000  -6.3530000  25.3510000  20.5340000
  -0.0650000  29.2820000  20.4390000   0.9780000  29.8530000  20.1540000
  -0.2750000  28.8340000  21.6990000  -1.1670000  28.4180000  21.9280000
   0.7480000  28.9610000  22.7060000   1.2620000  29.8910000  22.5570000
   0.2310000  28.9200000  24.1190000  -0.5660000  29.6300000  24.2180000
  -0.3090000  27.5070000  24.4200000  -1.1250000  27.2680000  23.7160000
   0.5020000  26.7690000  24.3050000  -0.6890000  27.4730000  25.4560000
   1.2690000  29.2600000  25.0330000   0.9300000  29.2310000  25.9330000
   1.7230000  27.8360000  22.5340000   1.3800000  26.7680000  22.0190000
   3.0040000  28.0660000  22.9800000   3.2410000  28.9500000  23.4140000
   4.0230000  27.0670000  22.8210000   4.1020000  26.7990000  21.7860000
   5.3940000  27.5370000  23.3420000   5.6800000  28.4200000  22.7990000
   5.3000000  27.7740000  24.3860000   6.5050000  26.4840000  23.1820000
   6.1320000  25.5690000  23.5980000   6.8050000  26.2100000  21.6980000
   5.8950000  25.8340000  21.2010000   7.1320000  27.1440000  21.2100000
   7.6020000  25.4540000  21.6190000   7.7600000  26.8640000  23.9900000
   8.1440000  27.8370000  23.6370000   7.5020000  26.9370000  25.0600000
   8.5320000  26.0900000  23.8520000   3.6360000  25.8610000  23.6240000
   3.7510000  24.7240000  23.1650000   3.1320000  26.1380000  24.8720000
   3.0060000  27.1080000  25.1410000   2.7670000  25.1070000  25.8110000
   3.6150000  24.4810000  26.0050000   2.2570000  25.6980000  27.1390000
   3.0380000  26.2780000  27.6000000   1.4120000  26.3330000  26.9420000
   1.8700000  24.6480000  28.0180000   1.5520000  25.0250000  28.8460000
   1.6560000  24.2740000  25.2390000   1.5530000  23.0770000  25.5280000
   0.7940000  24.8860000  24.3920000   0.9350000  25.8640000  24.1590000
  -0.3270000  24.1870000  23.8130000  -0.9340000  23.7820000  24.5990000
  -1.1820000  25.1060000  22.9120000  -1.4850000  25.9740000  23.4740000
  -0.6040000  25.4180000  22.0600000  -2.4180000  24.3460000  22.4310000
  -2.6430000  23.1910000  22.8980000  -3.1530000  24.9120000  21.5710000
   0.1720000  23.0700000  22.9460000  -0.4080000  21.9790000  22.9330000
   1.2500000  23.3490000  22.1570000   1.7140000  24.2440000  22.2530000
   1.7790000  22.3880000  21.2280000   0.9780000  21.9950000  20.6310000
   2.8570000  22.9650000  20.2940000   3.6160000  23.4520000  20.8800000
   3.2980000  22.1690000  19.7210000   2.2220000  23.9550000  19.3710000
   2.0060000  25.2590000  19.7720000   2.2970000  25.5730000  20.7720000
   1.4220000  26.1670000  18.9110000   1.2530000  27.1910000  19.2350000
   1.0530000  25.7770000  17.6390000   0.4560000  26.7080000  16.7550000
   0.2620000  26.2760000  15.9150000   1.2670000  24.4770000  17.2320000
   0.9770000  24.1650000  16.2320000   1.8510000  23.5740000  18.0970000
   2.0210000  22.5500000  17.7700000   2.4090000  21.2650000  21.9960000
   2.9870000  21.4710000  23.0670000   2.3150000  19.9470000  21.5900000
   1.8300000  19.7410000  20.7170000   2.9200000  18.8970000  22.3710000
   2.7660000  19.1020000  23.4190000   2.3820000  17.4750000  22.0470000
   1.3130000  17.5010000  21.9320000   2.8240000  17.1060000  21.1360000
   2.7670000  16.5740000  23.2310000   3.4230000  17.0330000  24.1810000
   2.3590000  15.2650000  23.1800000   2.5920000  14.6270000  23.9410000
   1.8240000  14.9290000  22.3800000   4.3900000  18.9070000  22.0950000
   4.9070000  18.0610000  21.3580000   5.0630000  19.8370000  22.6770000
   4.5960000  20.5160000  23.2670000   6.4850000  19.8950000  22.5420000
   6.7600000  19.7920000  21.5080000   7.1160000  21.1360000  23.1330000
   8.1680000  21.0940000  22.9470000   6.5500000  22.3660000  22.3860000
   6.7910000  22.2900000  21.3090000   5.4560000  22.3990000  22.5120000
   6.9980000  23.2900000  22.8010000   6.9050000  21.1860000  24.6660000
   7.3250000  20.2910000  25.0960000   7.4240000  22.0500000  25.0520000
   5.4410000  21.2760000  25.0980000   4.9910000  22.1950000  24.6780000
   4.8910000  20.3900000  24.7240000   5.3850000  21.3070000  26.2040000
   6.9790000  18.7250000  23.3320000   6.3560000  18.3560000  24.3330000
   8.0630000  18.0660000  22.8940000   8.5190000  18.3970000  22.0530000
   8.5900000  16.9440000  23.6320000   7.8600000  16.1540000  23.6540000
   9.9200000  16.3890000  23.0830000  10.6190000  17.2060000  23.0080000
  10.2990000  15.6540000  23.7770000   9.7840000  15.7280000  21.7000000
   9.1010000  14.8950000  21.7510000   9.4190000  16.4490000  20.9820000
  11.1650000  15.2350000  21.2890000  11.9630000  15.9940000  20.7350000
  11.4600000  13.9290000  21.5730000  12.3640000  13.5480000  21.3250000
  10.7760000  13.3400000  22.0320000   8.8420000  17.4360000  25.0260000
   9.6550000  18.3390000  25.2620000   8.0490000  16.8340000  26.1390000
   7.4080000  16.0730000  25.9380000   8.1820000  17.3440000  27.4800000
   8.0080000  18.4070000  27.4660000   7.2230000  16.6910000  28.4980000
   7.3960000  15.6250000  28.5050000   7.4310000  17.0960000  29.4770000
   5.7510000  16.9430000  28.1650000   5.5230000  16.4610000  27.2260000
   5.1500000  16.5110000  28.9480000   5.4040000  18.4380000  28.0440000
   6.0400000  18.8780000  27.2940000   4.3800000  18.5200000  27.7300000
   5.5790000  19.2310000  29.3540000   4.9110000  18.8380000  30.1010000
   6.5910000  19.1320000  29.7000000   5.2780000  20.6710000  29.1210000
   5.9100000  21.0440000  28.4160000   4.3210000  20.7660000  28.7950000
   5.3950000  21.1880000  29.9930000   9.5730000  17.0930000  27.9470000
  10.0350000  15.9480000  27.9960000  10.2560000  18.0540000  28.2110000
   9.8300000  18.9700000  28.1290000  11.6050000  17.9620000  28.6810000
  11.6420000  17.3570000  29.5720000  12.5800000  17.4060000  27.6250000
  13.5510000  17.3220000  28.0800000  12.2360000  16.4280000  27.3210000
  12.7040000  18.2910000  26.3700000  11.7470000  18.3800000  25.8880000
  13.0620000  19.2720000  26.6460000  13.6920000  17.6220000  25.4200000
  13.4460000  16.4390000  25.0340000  14.7080000  18.2910000  25.0680000
  12.0320000  19.3680000  29.0000000  11.3400000  20.3320000  28.6720000
  13.1570000  19.3820000  29.6560000  13.6700000  18.5710000  29.9780000
  13.6360000  20.7140000  29.9280000  13.1620000  21.4120000  29.2630000
  13.4240000  21.1590000  31.3930000  12.3750000  21.1370000  31.6220000
  13.9440000  20.4850000  32.0520000  13.9240000  22.4830000  31.5810000
  13.7870000  22.7520000  32.4990000  15.1030000  20.7080000  29.6760000
  15.8000000  19.7940000  30.1170000  15.5640000  21.5760000  28.8500000
  16.5600000  21.5640000  28.6740000  14.8000000  22.6690000  28.3270000
  14.0820000  22.9950000  29.0550000  15.6750000  23.8250000  27.9060000
  16.2340000  24.1750000  28.7550000  16.6480000  23.3290000  26.8170000
  17.2680000  22.5150000  27.2260000  16.0760000  22.9530000  25.9490000
  17.2990000  24.1650000  26.4950000  14.8900000  24.8900000  27.3920000
  15.4650000  25.6180000  27.1290000  14.1050000  22.1750000  27.0950000
  14.4440000  21.1210000  26.5490000  13.1240000  23.0280000  26.6060000
  12.8140000  23.8490000  27.1140000  12.4730000  22.6420000  25.3830000
  12.2710000  21.5850000  25.3800000  11.1860000  23.4370000  25.1020000
  11.4330000  24.4860000  25.0750000  10.8030000  23.1330000  24.1410000
  10.0800000  23.2190000  26.1630000  10.4570000  23.5960000  27.0970000
   8.8230000  24.0360000  25.8240000   9.0790000  25.1120000  25.7950000
   8.4360000  23.7210000  24.8370000   8.0540000  23.8590000  26.5980000
   9.7800000  21.7140000  26.3660000   9.4440000  21.2720000  25.4080000
  10.6930000  21.2010000  26.7070000   8.9880000  21.5940000  27.1270000
  13.4540000  22.9920000  24.3090000  14.1940000  23.9730000  24.4430000
  13.5180000  22.2960000  23.1370000  12.8760000  21.5230000  23.0010000
  14.5160000  22.6300000  22.1580000  15.0980000  23.4510000  22.5350000
  15.4670000  21.4670000  21.8250000  14.8820000  20.5880000  21.6110000
  16.0500000  21.7320000  20.9580000  16.3990000  21.1640000  22.9590000
  16.0750000  20.3710000  24.0440000  15.1940000  19.8970000  24.2090000
  17.1690000  20.3510000  24.8500000  17.2170000  19.8050000  25.7880000
  18.1690000  21.0730000  24.3590000  17.6800000  21.5840000  23.1690000
  18.2410000  22.2310000  22.4960000  13.8630000  23.0590000  20.8860000
  13.0120000  22.3550000  20.3360000  14.1860000  24.3110000  20.3100000
  14.8150000  24.8780000  20.8640000  13.6780000  24.8340000  19.0750000
  13.2280000  24.0410000  18.5110000  12.6630000  25.9760000  19.2510000
  13.1110000  26.7400000  19.8590000  12.4320000  26.3790000  18.2820000
  11.3480000  25.5230000  19.9220000  10.9880000  24.6800000  19.3660000
  11.5870000  25.0440000  21.3630000  12.2850000  24.1920000  21.3540000
  12.0170000  25.8660000  21.9580000  10.6300000  24.7290000  21.8090000
  10.2660000  26.6110000  19.8310000  10.6210000  27.5240000  20.3380000
  10.0590000  26.8350000  18.7720000   9.3430000  26.2540000  20.3190000
  14.8510000  25.3750000  18.3240000  15.7750000  25.9280000  18.9190000
  14.8420000  25.3320000  16.7950000  14.0590000  24.9270000  16.2970000
  15.9400000  25.9050000  16.0740000  16.7230000  26.1530000  16.7650000
  16.4910000  25.0060000  14.9940000  16.7900000  24.0750000  15.4420000
  15.3760000  24.7290000  13.9630000  14.5290000  24.2370000  14.4670000
  15.0340000  25.6840000  13.5190000  15.7660000  24.0700000  13.1640000
  17.7360000  25.6750000  14.3830000  17.4510000  26.6520000  13.9520000
  18.4940000  25.8240000  15.1740000  18.1540000  25.0270000  13.5890000
  15.4500000  27.1520000  15.4070000  14.3850000  27.1740000  14.7830000
  16.1860000  28.2590000  15.4910000  16.9910000  28.1860000  16.1050000
  15.8580000  29.5150000  14.8650000  14.8290000  29.5210000  14.5690000
  16.1590000  30.7440000  15.7690000  15.5910000  30.6400000  16.6790000
  17.2070000  30.7320000  16.0050000  15.8220000  32.1280000  15.1440000
  15.9590000  32.8610000  15.9220000  16.7790000  32.5090000  13.9960000
  17.8100000  32.5530000  14.3860000  16.7180000  31.7460000  13.1920000
  16.4950000  33.5010000  13.5870000  14.3420000  32.1960000  14.7270000
  14.1320000  31.4050000  13.9780000  13.7080000  32.0410000  15.6200000
  14.1260000  33.1920000  14.2850000  16.7290000  29.5640000  13.6530000
  17.9490000  29.6750000  13.7620000  16.2020000  29.5410000  12.6390000
  15.1910000  29.5260000  12.5870000  16.9670000  29.5710000  11.4140000
  17.9630000  29.9130000  11.6340000  17.0110000  28.1820000  10.6870000
  16.0030000  27.8660000  10.4720000  17.5410000  28.3030000   9.7480000
  17.7020000  27.0660000  11.5250000  18.7340000  27.3410000  11.6650000
  17.2260000  27.0060000  12.4990000  17.6440000  25.6570000  10.8550000
  18.0940000  24.9090000  11.5170000  16.6230000  25.3810000  10.6500000
  18.4000000  25.7390000   9.5560000  17.9090000  25.9170000   8.6690000
  19.7570000  25.5740000   9.5670000  20.4200000  25.3380000  10.7680000
  19.9060000  25.2870000  11.6500000  21.4240000  25.2140000  10.7760000
  20.4500000  25.6400000   8.3760000  19.9590000  25.8130000   7.4870000
  21.4540000  25.5170000   8.3830000  16.2960000  30.5360000  10.4540000
  15.1240000  30.8840000  10.6160000  17.5600000  31.5390000   9.5840000
  18.5710000  31.4380000   9.6080000  16.9580000  32.2860000   8.5200000
  16.1560000  32.8890000   8.9380000  17.9460000  33.2200000   7.7310000
  18.7730000  32.6180000   7.3600000  17.4280000  33.6470000   6.8900000
  18.5110000  34.3970000   8.6050000  19.1850000  34.9750000   7.9650000
  17.3860000  35.3650000   9.0800000  16.8990000  35.8010000   8.1900000
  16.6330000  34.7950000   9.6910000  17.8220000  36.1930000   9.7000000
  19.3460000  33.8600000   9.7820000  18.7050000  33.2040000  10.4340000
  20.1990000  33.2650000   9.3710000  19.7330000  34.7270000  10.3830000
  16.3870000  31.2740000   7.5450000  16.9430000  30.1790000   7.3090000
  15.5060000  31.6430000   7.4320000  14.9780000  32.5250000   7.6100000
  15.0120000  30.6870000   6.3860000  15.8130000  29.9620000   6.1280000
  13.6660000  29.8940000   6.8150000  13.3140000  29.2920000   5.9340000
  13.9290000  29.2180000   7.6070000  12.4450000  30.7780000   7.3580000
  11.7590000  30.1370000   7.9560000  12.8680000  31.5990000   8.0070000
  11.5690000  31.4240000   6.2740000  12.1810000  32.1840000   5.7470000
  11.2040000  30.6430000   5.5460000  10.3600000  32.0830000   7.0180000
  10.3770000  32.2420000   8.0490000   9.2300000  32.4730000   6.3120000
   9.2090000  32.2720000   4.9180000  10.0290000  31.8340000   4.4080000
   8.3720000  32.5610000   4.3960000   8.1220000  33.0640000   7.0030000
   8.1390000  33.2120000   8.0350000   7.2850000  33.3540000   6.4820000
  14.7710000  31.5240000   5.1720000  15.5270000  32.5320000   4.9410000
  14.7510000  31.9390000   4.5790000  14.7060000  30.5450000   4.6130000
  14.1530000  32.3500000   3.2490000  12.4700000  32.4090000   3.1670000
  14.8020000  33.7440000   3.2880000  14.9910000  30.7260000   1.9240000
  15.8030000  29.2270000   2.0560000  17.5010000  33.5520000  -0.8880000
   2.2850000  39.5100000   1.2100000  24.0820000  26.9520000  -1.9960000
  20.2600000  39.4250000  -5.3350000  41.0410000  22.9310000  -4.9030000
  11.8140000   7.5230000   5.9830000  22.4930000  -9.3730000   7.8520000
  -8.4210000   9.3630000  10.3080000
