
  1231
   8.5730000  26.5880000  31.2980000   8.9810000  27.3470000  31.8660000
   8.5440000  26.8750000  30.3090000   7.6280000  26.3900000  31.6160000
   9.3990000  25.3510000  31.4490000   9.4300000  25.0430000  32.4910000
   8.8150000  24.1920000  30.5730000   9.2960000  23.2610000  30.8640000
   7.7580000  24.1130000  30.7580000   9.0170000  24.4160000  29.0520000
  10.0710000  24.5530000  28.8840000   8.6690000  23.5220000  28.5290000
   8.1420000  25.8750000  28.3350000   6.5160000  25.0340000  28.2380000
   6.5820000  24.1340000  27.5810000   6.2130000  24.7170000  29.2610000
   5.7680000  25.7420000  27.8130000  10.7830000  25.6530000  30.9800000
  11.0790000  26.7820000  30.5260000  11.6690000  24.7630000  31.1350000
  11.4280000  23.8340000  31.5130000  12.9930000  25.0790000  30.6910000
  13.2780000  26.0740000  31.0420000  14.0480000  24.0380000  31.1700000
  14.0470000  24.0030000  32.2630000  13.7680000  23.0560000  30.7730000
  15.4730000  24.3730000  30.7080000  15.5180000  24.3490000  29.6160000
  15.7680000  25.3660000  31.0640000  16.3990000  23.2980000  31.3150000
  17.6130000  23.3320000  31.1100000  15.8110000  22.3180000  32.0960000
  16.3750000  21.5790000  32.5290000  14.8100000  22.3290000  32.2440000
  12.9220000  25.0780000  29.1760000  12.4560000  24.0950000  28.5490000
  13.3970000  26.2290000  28.5820000  13.7500000  27.0490000  29.0790000
  13.3590000  26.2170000  27.1390000  13.0790000  25.2320000  26.7910000
  12.4300000  27.2570000  26.5320000  11.5530000  27.3040000  27.1470000
  13.1400000  28.6390000  26.5960000  13.3670000  28.8920000  27.6560000
  14.0790000  28.5990000  26.0200000  12.4820000  29.4170000  26.1590000
  11.9850000  26.8820000  25.0850000  11.5590000  25.8850000  25.1120000
  11.2340000  27.5890000  24.7680000  13.0990000  26.8950000  24.0340000
  13.5440000  27.9140000  23.9750000  13.8770000  26.1660000  24.3280000
  12.6790000  26.6150000  23.0420000  14.7470000  26.5380000  26.7030000
  15.4450000  27.3470000  27.3380000  15.1310000  25.8440000  25.6790000
  14.6330000  25.0910000  25.1930000  16.4520000  26.2360000  25.2510000
  16.8900000  26.9480000  25.9440000  17.3650000  25.0000000  25.0650000
  17.3530000  24.4200000  25.9830000  16.9870000  24.3900000  24.2460000
  18.7780000  25.4260000  24.7520000  19.1870000  25.6690000  23.4410000
  18.4780000  25.5560000  22.6150000  20.4960000  26.0550000  23.1740000
  20.8100000  26.2450000  22.1360000  21.4100000  26.2030000  24.2070000
  22.4390000  26.5090000  23.9880000  21.0100000  25.9590000  25.5180000
  21.7210000  26.0700000  26.3430000  19.7030000  25.5710000  25.7790000
  19.3930000  25.3760000  26.8160000  16.2830000  26.8490000  23.8800000
  15.9230000  26.1480000  22.9120000  16.6900000  28.3550000  23.6830000
  16.9310000  28.9430000  24.4740000  16.6390000  28.9220000  22.3610000
  16.1090000  28.2690000  21.6900000  16.0630000  30.3080000  22.3140000
  16.6280000  30.9400000  22.9770000  16.2050000  30.8480000  20.8720000
  17.2720000  30.8780000  20.5920000  15.6570000  30.1860000  20.1750000
  15.7880000  31.8660000  20.8170000  14.6060000  30.2450000  22.8120000
  14.0200000  29.5700000  22.1590000  14.5850000  29.8630000  23.8510000
  14.1690000  31.2560000  22.7830000  18.0690000  29.0210000  21.9760000
  18.8200000  29.8290000  22.5360000  18.4420000  28.2570000  21.0770000
  17.8570000  27.6190000  20.5340000  19.8740000  28.2660000  20.9100000
  20.3300000  28.6140000  21.8290000  20.4640000  26.8820000  20.5490000
  20.1950000  26.1930000  21.3310000  20.0320000  26.5500000  19.6090000
  22.0070000  26.8950000  20.4060000  22.2630000  27.4270000  19.5050000
  22.4260000  27.4090000  21.2670000  22.6400000  25.4980000  20.3180000
  23.6470000  25.5490000  20.7240000  22.0400000  24.8260000  20.9110000
  22.7200000  24.9420000  18.8750000  23.0830000  23.9290000  18.8940000
  21.7320000  24.9620000  18.4250000  23.6590000  25.7730000  18.0690000
  23.3160000  26.7300000  18.0490000  24.5930000  25.7540000  18.4930000
  23.7100000  25.4020000  17.1120000  20.2870000  29.1640000  19.8010000
  20.2650000  28.7920000  18.6120000  20.7110000  30.5720000  20.0780000
  20.5040000  30.9650000  20.9940000  21.4190000  31.3530000  19.1300000
  21.3380000  30.9590000  18.1290000  21.1140000  32.8310000  19.1950000
  21.6960000  33.3340000  18.4490000  19.6110000  33.0630000  18.8990000
  19.3680000  32.6760000  17.8870000  19.0050000  32.5340000  19.6530000
  19.3830000  34.1440000  18.9470000  21.4520000  33.3500000  20.4860000
  21.2540000  34.2930000  20.5170000  22.7760000  31.1460000  19.7120000
  22.9510000  30.2590000  20.5520000  23.7690000  31.9420000  19.3510000
  23.6890000  32.6720000  18.6550000  24.9810000  31.6740000  20.0970000
  25.2230000  30.6290000  19.9950000  26.2010000  32.5000000  19.6160000
  25.9410000  33.5470000  19.6880000  27.0510000  32.2970000  20.2660000
  26.6170000  32.1700000  18.1450000  26.7420000  31.1030000  18.0720000
  25.4830000  32.5520000  17.1450000  24.5550000  31.9870000  17.3820000
  25.2730000  33.6380000  17.2340000  25.8090000  32.3060000  16.1050000
  27.9970000  32.7950000  17.7960000  27.9340000  33.8940000  17.9200000
  28.7840000  32.3990000  18.4770000  28.2600000  32.5390000  16.7410000
  24.7580000  32.0080000  21.5810000  25.0970000  31.2070000  22.4570000
  24.2760000  33.2600000  21.7480000  23.9030000  33.7710000  20.9430000
  24.2150000  33.9050000  23.0700000  25.2120000  33.8130000  23.4910000
  23.9250000  35.3860000  22.9680000  24.6240000  35.8200000  22.2740000
  22.4750000  35.6030000  22.4280000  22.3810000  35.1320000  21.4180000
  21.7530000  35.1460000  23.1290000  22.2560000  36.6880000  22.3500000
  24.0780000  36.0060000  24.2610000  23.8910000  36.9530000  24.1880000
  23.2670000  33.3650000  24.1400000  23.7470000  33.0150000  25.2400000
  22.1600000  32.6900000  24.0390000  21.6740000  32.9550000  23.1930000
  21.4650000  32.1050000  25.1860000  21.7970000  31.0880000  25.3010000
  21.7180000  32.6750000  26.0680000  19.9460000  32.0990000  25.0300000
  19.4380000  32.3010000  23.9260000  19.4540000  31.3770000  26.3610000
  19.9070000  31.1780000  27.2520000  17.9940000  31.4210000  26.3050000
  17.6920000  32.3390000  25.8300000  17.4380000  30.2290000  25.4990000
  16.3870000  30.1170000  25.7100000  17.5730000  30.4300000  24.4430000
  18.1510000  28.9070000  25.8610000  17.7550000  28.1270000  25.2240000
  19.2030000  29.0370000  25.6700000  17.9790000  28.4610000  27.3320000
  18.2080000  29.3060000  27.9660000  16.9510000  28.1640000  27.4720000
  18.8650000  27.2910000  27.7730000  18.6440000  26.4290000  27.1590000
  19.9010000  27.5720000  27.6540000  18.6090000  26.9540000  29.2030000
  18.8190000  27.7660000  29.7860000  17.6320000  26.6870000  29.3170000
  19.2010000  26.1770000  29.4860000  17.3250000  31.3080000  27.6870000
  17.9990000  31.0230000  28.6870000  16.1200000  31.5290000  27.5900000
  15.6410000  31.8930000  26.7730000  15.3220000  31.3440000  28.8040000
  15.3010000  30.3000000  29.0570000  15.8440000  32.1220000  29.9830000
  16.8900000  31.9200000  30.1080000  15.6490000  33.6250000  29.7030000
  16.2030000  33.9080000  28.7920000  14.5770000  33.8340000  29.5580000
  16.0290000  34.2100000  30.5600000  15.1520000  31.7420000  31.1670000
  15.4940000  32.2460000  31.9130000  13.8920000  31.8200000  28.5420000
  13.7180000  32.8480000  27.8830000  12.9250000  30.7450000  29.3350000
  13.0600000  29.8520000  29.8130000  11.5810000  31.2810000  29.1160000
  11.6310000  32.3600000  29.1870000  10.9410000  30.9200000  27.7870000
  10.0160000  31.4570000  27.7090000  11.8590000  31.4200000  26.6500000
  11.9830000  32.5250000  26.7270000  12.8440000  30.9310000  26.7430000
  11.4080000  31.1650000  25.6640000  10.6220000  29.4000000  27.7280000
  11.5440000  28.8600000  27.6180000  10.1560000  29.1110000  28.6590000
   9.6880000  29.0100000  26.5620000   8.7310000  29.5480000  26.6650000
  10.1550000  29.2900000  25.5960000   9.5050000  27.9120000  26.5840000
  10.5960000  30.7760000  30.1490000  10.8680000  29.8410000  30.9200000
   9.4700000  31.2850000  30.2530000   9.3410000  32.1090000  29.6490000
   8.3930000  30.8870000  31.1320000   8.7820000  30.2330000  31.9140000
   7.6890000  32.0640000  31.7740000   8.4160000  32.7290000  32.2360000
   6.9090000  32.8470000  30.6640000   7.6130000  33.2240000  29.8960000
   6.1690000  32.1610000  30.1760000   6.3870000  33.7150000  31.1230000
   6.7970000  31.5830000  32.7820000   6.3500000  32.3420000  33.1880000
   7.3590000  30.1170000  30.3070000   7.3550000  30.1500000  29.0580000
   6.4200000  29.3650000  31.0470000   6.4530000  29.3990000  32.0750000
   5.3850000  28.5410000  30.4050000   5.8450000  27.8630000  29.7020000
   4.5830000  27.6860000  31.4310000   4.1490000  28.3670000  32.1540000
   3.7960000  27.1530000  30.8870000   5.4380000  26.6290000  32.2160000
   5.9700000  26.0580000  31.4730000   6.4990000  27.3260000  33.1390000
   7.1710000  27.9580000  32.5130000   5.9960000  27.9790000  33.8830000
   7.0900000  26.5420000  33.6820000   4.5520000  25.6080000  32.9910000
   3.9370000  26.1620000  33.7260000   3.8900000  25.0600000  32.2630000
   5.1940000  24.8680000  33.5380000   4.3950000  29.4100000  29.6400000
   3.9230000  29.0410000  28.5330000   4.0870000  30.5830000  30.1920000
   4.5850000  30.8600000  31.0540000   3.0770000  31.4870000  29.6440000
   2.1590000  30.9180000  29.5220000   2.8100000  32.7140000  30.5770000
   2.0340000  33.3250000  30.1080000   2.4670000  32.3270000  31.5340000
   4.0340000  33.6330000  30.8540000   4.8230000  33.0530000  31.3410000
   4.3900000  34.0530000  29.9170000   3.5890000  34.7790000  31.7870000
   3.1340000  34.4520000  32.9320000   3.6940000  35.9930000  31.3650000
   3.4670000  32.0170000  28.2750000   2.5990000  32.3320000  27.4230000
   4.7790000  32.1590000  27.9770000   5.4600000  31.8320000  28.6680000
   5.2440000  32.7380000  26.7340000   4.9430000  33.7790000  26.7110000
   6.7440000  32.7000000  26.5930000   7.1970000  33.1270000  27.4820000
   7.1870000  31.2130000  26.4710000   6.8900000  30.6500000  27.3830000
   6.7020000  30.7520000  25.5760000   8.2860000  31.1700000  26.3660000
   7.1260000  33.5780000  25.3680000   6.6360000  33.1700000  24.4500000
   6.7920000  34.6290000  25.5300000   8.2240000  33.5640000  25.2470000
   4.6400000  32.0560000  25.5150000   4.3030000  30.8540000  25.5240000
   4.4950000  32.8410000  24.4070000   4.7810000  33.8220000  24.4990000
   3.9550000  32.4160000  23.1260000   3.5910000  31.3940000  23.1880000
   2.8400000  33.3620000  22.5960000   2.4370000  32.9450000  21.6760000
   2.0640000  33.4040000  23.3360000   3.3210000  34.8080000  22.3130000
   3.7100000  35.2590000  23.2240000   4.0900000  34.7980000  21.5660000
   2.1110000  35.6080000  21.7950000   0.9650000  35.0700000  21.8930000
   2.3150000  36.7670000  21.2950000   5.0920000  32.5080000  22.1480000
   6.0600000  33.2470000  22.4040000   5.0890000  31.7240000  20.9880000
   4.6600000  30.3180000  21.0830000   3.5920000  30.2380000  20.9350000
   4.9290000  29.9070000  22.0510000   5.4020000  29.5670000  19.9590000
   4.7120000  28.9630000  19.3770000   6.1730000  28.9320000  20.3790000
   6.0190000  30.6930000  19.0840000   5.3490000  30.9840000  18.2800000
   6.9630000  30.3860000  18.6730000   6.2070000  31.8300000  20.0980000
   7.0720000  31.5630000  20.6900000   6.5020000  33.2060000  19.5380000
   7.6810000  33.5060000  19.3230000   5.2710000  33.9560000  19.3250000
   4.3180000  33.6770000  19.5250000   5.5670000  35.2780000  18.8090000
   6.0940000  35.1880000  17.8810000   4.2970000  36.1380000  18.5910000
   3.6440000  35.6400000  17.8820000   3.7900000  36.2530000  19.5320000
   4.6450000  37.4330000  18.0840000   3.8460000  37.9600000  17.9520000
   6.4310000  35.9920000  19.8230000   7.3820000  36.7000000  19.4710000
   6.0730000  35.8470000  21.2450000   5.3060000  35.2400000  21.5120000
   6.8510000  36.5170000  22.2720000   6.8900000  37.5730000  22.0470000
   6.2640000  36.3350000  23.6880000   5.2050000  36.5440000  23.6610000
   6.4290000  35.3160000  24.0230000   6.9630000  37.3160000  24.6470000
   7.8890000  38.0430000  24.1890000   6.5790000  37.3500000  25.8520000
   8.2530000  35.9590000  22.2920000   9.2190000  36.7170000  22.4580000
   8.4320000  34.6500000  22.0980000   7.6490000  34.0320000  21.9220000
   9.7580000  34.1050000  22.2400000  10.1860000  34.4810000  23.1500000
   9.7930000  32.5970000  22.2830000   9.0890000  32.2490000  23.0110000
   9.4080000  32.0300000  20.9020000   8.3900000  32.3670000  20.6340000
  10.1220000  32.3920000  20.1460000   9.4340000  30.9250000  20.9370000
  11.0940000  32.1510000  22.6490000  11.1090000  31.1860000  22.6750000
  10.6030000  34.5700000  21.0940000  11.7700000  34.9210000  21.2820000
   9.9860000  34.4340000  19.7210000   9.0240000  34.1300000  19.6570000
  10.7490000  34.6890000  18.5310000  11.6470000  34.1100000  18.5820000
  10.0310000  34.3220000  17.2570000   9.6690000  33.3180000  17.3620000
   8.8170000  35.2440000  17.0810000   8.1360000  35.1210000  17.9390000
   9.1540000  36.2940000  17.0260000   8.2890000  34.9790000  16.1490000
  11.0120000  34.3480000  16.0690000  11.2500000  35.3720000  15.8430000
  11.9050000  33.8280000  16.3550000  10.4500000  33.6890000  14.8070000
  10.2100000  32.6320000  15.0190000   9.5360000  34.2180000  14.4940000
  11.1980000  33.7410000  13.9990000  11.1310000  36.1400000  18.4690000
  12.2810000  36.4750000  18.1810000   9.8210000  37.1410000  19.2040000
   8.9530000  36.8190000  19.6370000  10.1080000  38.5460000  19.1250000
  10.3040000  38.7920000  18.0880000   8.9520000  39.4490000  19.6390000
   9.2230000  40.4690000  19.4400000   8.0490000  39.2010000  19.0860000
   8.6460000  39.3170000  21.1520000   8.2040000  38.3580000  21.3560000
   9.5630000  39.4260000  21.7290000   7.6520000  40.4230000  21.5210000
   6.8190000  40.8000000  20.6320000   7.7170000  40.9140000  22.6970000
  11.3460000  38.8660000  19.9350000  12.1710000  39.6930000  19.5240000
  11.3230000  38.1340000  21.1960000  10.6670000  37.4040000  21.4550000
  12.4330000  38.4460000  22.0700000  12.3960000  39.4880000  22.3120000
  12.4290000  37.6220000  23.3880000  12.3140000  36.5790000  23.1640000
  13.3590000  37.7700000  23.9230000  11.2440000  38.1050000  24.2440000
  10.8380000  39.2690000  24.1700000  10.6730000  37.1900000  25.0870000
   9.8850000  37.4560000  25.6780000  11.0360000  36.2440000  25.1210000
  13.7320000  38.1510000  21.3520000  14.6780000  38.9420000  21.4080000
  13.8200000  36.9730000  20.6470000  13.0290000  36.3280000  20.6190000
  15.0840000  36.5840000  20.0850000  15.8490000  36.6570000  20.8470000
  15.0530000  35.1770000  19.5450000  14.2730000  35.1090000  18.7980000
  16.4100000  34.8940000  18.8680000  16.5720000  35.6170000  18.0370000
  17.2280000  34.9990000  19.6160000  16.4020000  33.8640000  18.4670000
  14.7090000  34.2040000  20.7100000  15.4820000  34.2920000  21.5070000
  13.7180000  34.4590000  21.1250000  14.6820000  33.1660000  20.3300000
  15.4310000  37.5120000  18.9480000  16.5570000  38.0310000  18.8670000
  14.2080000  37.7350000  17.7770000  13.2780000  37.3310000  18.0510000
  14.3480000  38.5160000  16.5200000  15.1250000  38.0830000  15.9030000
  13.0040000  38.5720000  15.6590000  13.2140000  39.1340000  14.7180000
  12.6800000  37.5540000  15.4130000  11.8200000  39.2360000  16.3960000
  11.4410000  38.5530000  17.1920000  12.2120000  40.1520000  16.8590000
  10.6180000  39.5870000  15.4280000  10.9660000  40.3680000  14.7130000
  10.3130000  38.6970000  14.8660000   9.3580000  40.0850000  16.1840000
   8.5240000  40.2010000  15.4550000   9.0590000  39.3570000  16.9730000
   9.6880000  41.4050000  16.8330000  10.4750000  41.2980000  17.5240000
   9.9700000  42.0950000  16.0890000   8.8470000  41.7250000  17.3300000
  14.7940000  39.9340000  16.8500000  15.6990000  40.5320000  16.1690000
  14.0180000  40.4630000  18.2690000  13.3290000  39.8880000  18.8140000
  14.3320000  41.8100000  18.6860000  14.1390000  42.4950000  17.8370000
  13.4830000  42.2230000  19.9400000  12.3700000  42.1630000  19.6820000
  13.7030000  41.5390000  20.8250000  13.7680000  43.2650000  20.2120000
  15.8290000  41.9080000  19.0890000  16.5540000  42.8830000  18.7150000
  16.2990000  40.6610000  19.9620000  15.6210000  39.9060000  20.1580000
  17.5970000  40.6480000  20.6130000  17.7470000  41.5700000  21.1710000
  17.7260000  39.4460000  21.6030000  17.4720000  38.5320000  21.0580000
  18.7550000  39.4130000  21.9500000  16.8040000  39.5320000  22.8540000
  17.2420000  40.2550000  23.5540000  15.8340000  39.8700000  22.5220000
  16.6010000  38.1830000  23.6090000  16.2280000  38.3890000  24.6170000
  15.8640000  37.5830000  23.0580000  17.8910000  37.3680000  23.7480000
  18.7250000  38.0390000  23.9970000  17.7590000  36.6320000  24.5490000
  18.1780000  36.6670000  22.4470000  17.3920000  36.0300000  22.2100000
  18.3040000  37.3610000  21.6880000  19.0330000  36.1300000  22.5500000
  18.6990000  40.5330000  19.5730000  19.6950000  41.3010000  19.6270000
  18.3620000  40.3840000  18.2270000  17.5970000  39.6510000  18.1450000
  19.4990000  40.4580000  17.3150000  20.3640000  40.9750000  17.8150000
  19.9220000  39.0510000  16.9000000  20.7850000  39.1880000  16.2450000
  20.4000000  38.2290000  18.2100000  21.2830000  38.7840000  18.7130000
  19.5420000  38.1230000  18.9250000  20.7170000  37.1910000  17.9290000
  18.7320000  38.3260000  16.0770000  17.9250000  38.0440000  16.7720000
  18.3460000  39.0450000  15.2980000  19.1590000  37.0190000  15.3760000
  19.9810000  37.2900000  14.6500000  19.5470000  36.2630000  16.1620000
  18.2580000  36.5620000  14.8110000  19.1110000  41.2490000  16.0100000
  19.7250000  41.0660000  14.9460000  17.9530000  42.3940000  15.2570000
  17.8340000  42.1650000  16.4580000  16.7530000  43.4200000  14.2520000
  15.6880000  43.5550000  14.9770000  17.5830000  45.0020000  13.5340000
  18.7370000  44.8700000  12.9090000  16.6590000  45.6600000  12.7040000
  18.0990000  45.8570000  14.7930000  18.8760000  45.1540000  15.7310000
  18.8330000  46.8740000  14.2480000  16.4170000  46.2550000  15.4730000
  15.9460000  45.5690000  16.8220000  15.4790000  47.3900000  14.5090000
  14.3490000  47.7000000  14.8970000  15.9130000  47.9210000  13.4070000
  16.0050000  42.8290000  12.8960000  16.0380000  43.6470000  11.5200000
  15.8120000  41.8150000  13.0200000  15.6150000  41.1980000  13.9790000
  15.4190000  41.2430000  11.6950000  15.7760000  42.0780000  10.8390000
  16.1980000  39.7790000  11.5330000  15.8630000  39.4690000  10.5000000
  17.4440000  39.9410000  11.6300000  15.6740000  38.5510000  12.6950000
  15.2590000  38.9480000  13.8300000  15.6870000  37.2120000  12.4720000
  13.6770000  41.0340000  11.5350000  12.9440000  40.1910000  12.4260000
  12.3160000  42.0850000   9.8960000  12.7990000  43.7050000   9.4600000
  10.1710000  41.4530000   9.7510000   9.2960000  40.5410000  10.7870000
   8.6930000  43.5630000   9.3460000   9.6090000  44.6020000   8.3650000
   7.1660000  43.0160000   9.1750000   8.0680000  44.9850000  10.5440000
   6.7850000  44.1120000  11.4170000   9.5540000  45.1050000  10.9230000
   7.1720000  47.4050000  10.0730000   8.4510000  48.2900000   9.2030000
   5.6780000  47.2980000   9.6960000   6.5710000  48.7670000  11.3010000
   5.8410000  50.4000000  10.9250000   5.3590000  47.8490000  12.2030000
   8.6290000  49.1020000  11.7660000   9.3160000  47.5610000  12.1220000
   9.7680000  49.9700000  10.9140000   8.2160000  50.0050000  12.5790000
  10.3550000  39.9250000   8.6680000   9.1160000  38.2830000   8.9680000
  10.6750000  40.2450000   7.9500000  11.7550000  40.9700000   7.7810000
  10.2670000  38.9040000   7.1460000   8.8860000  38.8070000   7.0410000
  11.0350000  39.2010000   5.7020000  12.4110000  39.3830000   5.8040000
  10.7790000  38.0950000   5.2130000  10.2710000  40.7620000   4.7900000
   8.8950000  40.5990000   4.6690000  10.5310000  41.8860000   5.2550000
  11.1130000  40.9340000   3.3910000  10.5340000  40.0160000   2.5350000
  12.3440000  41.9880000   3.1610000  10.9420000  37.2480000   7.8860000
  12.3880000  36.7180000   7.6630000   9.8810000  37.3230000   8.4370000
   8.8860000  37.9380000   8.3940000   9.9900000  35.9470000   9.3980000
  11.0940000  35.9860000  10.0000000   9.0470000  35.9370000  10.0640000
   9.8860000  34.4760000   8.6970000  10.5750000  33.3020000   9.2220000
   9.0600000  34.0770000   6.4860000   8.7070000  35.0290000   5.8410000
   8.9200000  32.4390000   5.9350000   8.2360000  31.8160000   6.5850000
   8.0000000  32.3170000   4.4170000   6.8500000  32.7370000   4.4770000
   8.6300000  33.5140000   3.4340000   8.5340000  34.7700000   3.8370000
   9.8600000  33.2240000   3.4150000   7.9500000  33.4050000   2.3460000
   7.8190000  30.5430000   3.8520000   7.4320000  29.8220000   4.6520000
   6.9500000  30.5360000   2.9010000   9.2890000  29.7420000   3.4930000
   9.7030000  30.4480000   2.6600000  10.1970000  29.7150000   4.4570000
   9.0280000  28.4870000   3.1020000  10.4540000  31.5510000   6.1490000
  10.4470000  30.1020000   6.4660000  11.7900000  32.3640000   5.8370000
  11.9320000  33.7670000   4.9720000  11.4470000  34.7650000   5.4010000
  11.3830000  33.5950000   3.9250000  13.6580000  33.9930000   4.9990000
  14.1270000  34.7100000   5.8560000  13.9120000  34.5240000   4.0370000
  14.2810000  32.3070000   5.1860000  15.3820000  32.3030000   5.8090000
  14.3650000  31.8090000   4.1900000  13.1180000  31.3860000   5.9320000
  12.7950000  30.3620000   5.3320000  13.7630000  30.8190000   7.3810000
  14.4360000  29.5560000   7.4860000  13.7820000  32.1080000   8.8130000
  14.0620000  33.6890000   8.6460000  13.1840000  34.2120000   8.0380000
  15.0270000  33.8830000   8.1510000  14.2280000  34.2690000  10.1360000
  13.2100000  34.5640000  10.4580000  14.9430000  35.2120000  10.2180000
  14.8620000  32.9500000  11.0090000  14.4680000  32.9110000  12.0190000
  16.0100000  33.0270000  11.1300000  14.3570000  31.5770000  10.1800000
  15.3010000  30.9750000  10.0290000  13.4370000  30.5560000  10.9760000
  12.1370000  30.4680000  10.6450000  14.2090000  30.6100000  11.9990000
  15.1510000  30.3270000  12.2480000  13.1160000  29.9710000  12.6910000
  12.3090000  30.6810000  12.8230000  12.6190000  28.6900000  11.9510000
  12.4640000  28.9180000  10.8950000  13.3520000  27.8910000  12.0440000
  11.3050000  28.2320000  12.5900000  10.6730000  29.0620000  13.3360000
  10.9180000  27.0430000  12.3370000  13.6250000  29.5110000  14.0510000
  14.8340000  29.4230000  14.2730000  12.5390000  29.5270000  14.6360000
  11.5700000  29.7540000  14.4480000  12.8690000  28.7380000  15.7960000
  13.9330000  28.7310000  15.9390000  12.1760000  29.2100000  17.0840000
  12.5290000  28.6080000  17.9040000  12.4420000  30.2370000  17.2530000
  10.6460000  29.1050000  17.0260000  10.3570000  28.1240000  16.6940000
  10.2300000  29.2860000  18.0000000  10.1420000  30.1560000  16.0400000
   9.1260000  29.9590000  15.3670000  10.8670000  31.3090000  15.9540000
  10.5790000  32.0420000  15.3170000  11.6950000  31.4310000  16.5270000
  12.3840000  27.3490000  15.5140000  11.2100000  27.1390000  15.1830000
  13.5930000  26.3210000  15.3170000  14.5350000  26.4050000  15.7590000
  13.0610000  25.0300000  14.9290000  12.0500000  25.1700000  14.4990000
  13.9670000  24.3260000  13.8850000  14.0800000  24.9900000  13.0030000
  14.9630000  24.1420000  14.3400000  13.3670000  22.9760000  13.4260000
  13.2770000  22.2820000  14.2880000  12.3670000  23.1340000  12.9710000
  14.3450000  22.4070000  12.3810000  14.1730000  21.2540000  11.9660000
  15.3980000  23.2320000  11.9480000  16.0790000  22.9050000  11.2570000
  15.4990000  24.1710000  12.3190000  12.9480000  24.1130000  16.1680000
  13.7970000  24.1650000  17.1060000  11.8210000  23.4800000  15.9490000
  11.0660000  23.5740000  15.2460000  11.7360000  22.4090000  16.9500000
  12.7350000  22.0510000  17.1950000  11.0380000  22.8280000  18.2580000
  10.9870000  21.9590000  18.9320000  11.6300000  23.6250000  18.7290000
   9.6030000  23.3430000  17.9840000   9.6640000  24.2060000  17.3040000
   9.0200000  22.5410000  17.5100000   8.8580000  23.7770000  19.2480000
   8.5740000  22.9000000  19.8490000   9.4890000  24.4480000  19.8480000
   7.6290000  24.5000000  18.7340000   7.6230000  25.5310000  18.6960000
   6.5110000  23.7730000  18.3140000   6.4640000  22.3900000  18.4950000
   7.2540000  21.9060000  18.9500000   5.6400000  21.8500000  18.1740000
   5.4520000  24.4310000  17.6890000   5.4940000  25.4530000  17.5480000
   4.6250000  23.8940000  17.3670000  10.9140000  21.2840000  16.3340000
  10.2420000  21.4660000  15.2830000  10.9350000  20.0450000  16.8380000
  11.5010000  19.8150000  17.7040000  10.0780000  19.0080000  16.1850000
   9.8950000  19.3000000  15.1250000  10.6700000  17.5360000  16.2850000
  10.9040000  17.2820000  17.3480000   9.9070000  16.8110000  15.8840000
  11.9880000  17.4040000  15.4800000  11.7510000  17.7540000  14.4470000
  13.1540000  18.3640000  16.0510000  12.8300000  19.4550000  15.9710000
  13.3910000  18.0810000  17.1370000  14.0780000  18.2430000  15.4530000
  12.4090000  15.8740000  15.4160000  12.6010000  15.4510000  16.4670000
  11.5740000  15.2630000  14.8990000  13.3520000  15.8130000  14.8350000
   8.7470000  18.9620000  16.8910000   8.6940000  19.1900000  18.1250000
   7.5330000  18.5470000  16.0360000   7.6050000  18.3950000  15.0220000
   6.2240000  18.4120000  16.6270000   6.2930000  18.7200000  17.6750000
   5.1480000  19.2520000  15.8570000   5.2370000  19.0590000  14.7890000
   3.7040000  18.7990000  16.2540000   3.5390000  17.6960000  16.0120000
   3.5940000  18.9480000  17.3580000   2.9470000  19.4280000  15.6770000
   5.4480000  20.8030000  16.0870000   5.3290000  21.0130000  17.1490000
   6.4840000  21.0180000  15.8250000   4.5220000  21.7740000  15.2450000
   4.6390000  21.5840000  14.1480000   3.4530000  21.5800000  15.5070000
   4.8060000  22.8570000  15.4710000   5.9060000  16.9010000  16.5470000
   6.6040000  16.1780000  15.8270000   4.8520000  16.5170000  17.2220000
   4.3550000  17.1620000  17.8400000   4.5530000  15.0600000  17.2280000
   5.4280000  14.4950000  17.5960000   3.3030000  14.6600000  18.0530000
   2.4950000  15.3840000  17.8380000   2.9700000  13.6370000  17.7710000
   3.6680000  14.6850000  19.5360000   3.7210000  15.9090000  20.2460000
   3.4960000  16.8790000  19.7270000   4.0580000  15.9050000  21.6170000
   4.1060000  16.8760000  22.1690000   4.3340000  14.6840000  22.2920000
   4.5920000  14.6890000  23.3730000   4.2800000  13.4580000  21.5900000
   4.5020000  12.4880000  22.1110000   3.9430000  13.4660000  20.2220000
   3.8930000  12.4940000  19.6710000   4.2000000  14.6540000  15.7960000
   4.8020000  13.6940000  15.2610000   3.1900000  15.4260000  14.9860000
   2.7130000  16.2000000  15.4670000   2.8900000  15.2080000  13.5480000
   2.6010000  14.1300000  13.3820000   1.7500000  16.1720000  12.9400000
   0.7940000  15.9690000  13.4750000   2.0720000  17.2810000  13.0690000
   1.5670000  15.9560000  11.8380000   4.1740000  15.5550000  12.8220000
   4.5490000  14.8180000  11.8880000   5.0070000  16.5850000  13.3720000
   4.6310000  17.1290000  14.1420000   6.2320000  17.0850000  12.7520000
   7.0140000  17.2940000  13.5220000   6.5920000  16.3320000  12.0640000
   5.8660000  18.3940000  11.9880000   5.1990000  18.3590000  10.9030000
   6.2200000  19.4410000  12.6680000   6.7680000  19.3560000  13.5760000
   6.0240000  20.8180000  12.0370000   6.1960000  20.7700000  10.9660000
   4.5660000  21.4100000  12.2140000   4.3700000  21.3850000  13.2870000
   4.5530000  22.4810000  11.8250000   3.4010000  20.5690000  11.4570000
   3.4480000  20.8110000  10.3790000   3.5830000  19.4660000  11.6470000
   1.9300000  20.8800000  11.8880000   1.8780000  20.6390000  12.9660000
   1.7410000  21.9810000  11.6930000   0.7860000  20.0210000  11.1190000
   0.7680000  20.3190000  10.0490000   1.0040000  18.9180000  11.2460000
  -0.5920000  20.2900000  11.6620000  -0.5800000  20.0070000  12.6720000
  -0.8020000  21.3310000  11.5400000  -1.3400000  19.7160000  11.1430000
   7.1000000  21.7980000  12.6910000   8.0120000  21.3240000  13.4990000
   6.8840000  22.8460000  12.7990000   6.0510000  22.9410000  12.2210000
   7.7500000  24.0070000  12.9620000   8.6320000  23.6960000  13.5080000
   8.2060000  24.6170000  11.6090000   7.3250000  24.9150000  11.0510000
   8.8200000  25.4870000  11.7940000   9.0270000  23.6150000  10.7780000
   9.9560000  23.3720000  11.2830000   8.4530000  22.7110000  10.6370000
   9.3290000  24.2770000   9.4290000   9.9300000  23.6620000   8.5390000
   8.8900000  25.5710000   9.2670000   9.0580000  26.0670000   8.3890000
   8.3970000  26.0360000  10.0240000   7.0330000  25.0960000  13.7510000
   5.8310000  24.9690000  14.0490000   7.6220000  25.8880000  14.4920000
   8.5700000  26.0830000  14.1730000   7.0480000  26.7330000  15.5210000
   6.1920000  26.2110000  15.9360000   8.0560000  27.0450000  16.6820000
   8.4220000  26.1020000  17.0910000   8.8860000  27.6240000  16.2790000
   7.4330000  27.8560000  17.8350000   6.9690000  28.7320000  17.3860000
   6.3070000  27.0230000  18.5200000   5.5090000  26.7780000  17.7700000
   6.7310000  26.0770000  18.9410000   5.8740000  27.6190000  19.3410000
   8.5160000  28.3710000  18.8450000   9.0570000  27.5000000  19.2940000
   9.2390000  29.0370000  18.3140000   8.0280000  28.9430000  19.6510000
   6.5830000  28.0660000  14.9480000   7.3570000  28.8280000  14.3310000
   5.1750000  28.4330000  15.2110000   4.5440000  27.7690000  15.6940000
   4.7030000  29.7310000  14.7290000   5.5090000  30.2380000  14.1930000
   3.4550000  29.6420000  13.7600000   2.6950000  29.0000000  14.2270000
   3.0670000  30.6500000  13.6010000   3.7980000  29.0470000  12.3720000
   4.5590000  29.6790000  11.8940000   4.1690000  28.0290000  12.5150000
   2.5200000  29.0070000  11.4710000   1.4260000  29.3830000  11.9750000
   2.6250000  28.6030000  10.2600000   4.3740000  30.5770000  15.9330000
   4.0200000  30.0490000  17.0230000   4.2220000  31.7630000  15.7250000
   4.4570000  32.0520000  14.7810000   4.0150000  32.7920000  16.7160000
   4.5170000  32.5360000  17.6410000   4.4570000  34.2010000  16.2240000
   3.9400000  34.4460000  15.3010000   4.2270000  34.9460000  16.9690000
   5.9700000  34.1670000  15.9940000   6.6200000  33.1730000  16.4560000
   6.4940000  35.1390000  15.3600000   2.5270000  32.8380000  16.8990000
   1.8380000  31.8930000  16.5030000   2.0300000  33.9940000  17.6310000
   2.6610000  34.5920000  18.1850000   0.5950000  34.2440000  17.6350000
   0.4310000  35.2870000  17.9060000   0.1870000  34.0660000  16.6390000
  -0.1300000  33.3420000  18.6110000  -1.2210000  33.6990000  19.0650000
   0.6540000  32.1920000  18.9670000   1.5620000  31.9200000  18.6050000
  -0.0600000  31.2810000  19.8570000  -0.9130000  31.7930000  20.2640000
  -0.5200000  29.9250000  19.1970000   0.3570000  29.4190000  18.8270000
  -0.9840000  29.2920000  19.9540000  -1.5390000  30.1260000  18.0150000
  -1.0050000  30.5290000  17.1620000  -1.9750000  29.1460000  17.7610000
  -2.6870000  31.1080000  18.3330000  -2.2740000  32.0780000  18.6520000
  -3.3290000  31.2560000  17.4480000  -3.4820000  30.4760000  19.4440000
  -3.1910000  30.6270000  20.4220000  -4.6030000  29.6930000  19.1440000
  -5.0100000  29.5080000  17.8230000  -4.4810000  29.9490000  17.0690000
  -5.8410000  28.9310000  17.6000000  -5.3200000  29.1000000  20.1650000
  -5.0190000  29.2390000  21.1410000  -6.1510000  28.5220000  19.9430000
   0.9380000  30.9470000  20.9590000   2.1130000  31.3330000  20.8430000
   0.5210000  30.3100000  22.1240000  -0.4420000  29.9820000  22.2070000
   1.4960000  30.0360000  23.1860000   2.1500000  30.9030000  23.2910000
   0.8870000  29.7290000  24.5380000   0.1900000  30.5170000  24.7760000
   0.1290000  28.3570000  24.4620000  -0.6750000  28.4170000  23.6780000
   0.8380000  27.5430000  24.2020000  -0.3180000  28.1280000  25.4520000
   1.9140000  29.6830000  25.5620000   1.5170000  29.4860000  26.4220000
   2.3150000  28.8330000  22.7830000   1.8520000  27.9670000  22.0000000
   3.6310000  28.7640000  23.3120000   3.9380000  29.5110000  23.9450000
   4.5420000  27.6900000  23.0000000   4.6660000  27.6370000  21.9280000
   5.9250000  27.8690000  23.6980000   6.3520000  28.8190000  23.3730000
   5.7830000  27.8910000  24.7720000   6.9220000  26.7300000  23.3800000
   6.4140000  25.7880000  23.5680000   7.2980000  26.7410000  21.8780000
   6.3830000  26.5920000  21.2520000   7.7670000  27.7230000  21.6210000
   8.0100000  25.9150000  21.6850000   8.1570000  26.7750000  24.3340000
   8.6790000  27.7590000  24.2220000   7.8310000  26.6500000  25.3880000
   8.8470000  25.9480000  24.0780000   3.9580000  26.3810000  23.5050000
   3.9750000  25.3460000  22.8130000   3.3760000  26.4370000  24.6810000
   3.3620000  27.3260000  25.1990000   2.8100000  25.2370000  25.2980000
   3.5570000  24.4540000  25.3600000   2.2900000  25.5300000  26.7250000
   3.1150000  25.8580000  27.3700000   1.5470000  26.3210000  26.6620000
   1.7030000  24.3300000  27.2770000   1.3810000  24.5200000  28.1700000
   1.6280000  24.7400000  24.4600000   1.3460000  23.5140000  24.4120000
   0.8410000  25.6690000  23.7470000   1.1520000  26.6580000  23.8090000
  -0.3430000  25.3430000  22.9350000  -1.0660000  24.8260000  23.5550000
  -0.9880000  26.6290000  22.2880000  -1.1920000  27.3560000  23.0710000
  -0.3060000  27.0790000  21.5760000  -2.3040000  26.2340000  21.5480000
  -2.7410000  25.0210000  21.6590000  -2.8870000  27.1470000  20.8440000
   0.0370000  24.4300000  21.7930000  -0.7100000  23.4750000  21.4410000
   1.2470000  24.6580000  21.2260000   1.8130000  25.4480000  21.5670000
   1.7300000  23.8750000  20.1150000   0.9300000  23.7410000  19.3850000
   2.9480000  24.5220000  19.4090000   3.7190000  24.7570000  20.1490000
   3.3350000  23.8250000  18.6810000   2.5100000  25.7950000  18.7090000
   2.4230000  27.0000000  19.4050000   2.6740000  27.0260000  20.4790000
   2.0210000  28.1700000  18.7480000   1.9530000  29.1140000  19.3050000
   1.7050000  28.1450000  17.3850000   1.2930000  29.3460000  16.7110000
   1.1130000  29.1520000  15.7710000   1.7900000  26.9470000  16.6840000
   1.5400000  26.9210000  15.6100000   2.1930000  25.7790000  17.3450000
   2.2620000  24.8360000  16.7870000   2.1590000  22.5100000  20.6320000
   2.6770000  22.3770000  21.7650000   1.8570000  21.6540000  19.6370000
   1.4290000  21.8420000  18.7030000   2.1590000  20.2770000  20.0840000
   1.9360000  20.1740000  21.1420000   1.3720000  19.1490000  19.2780000
   0.3330000  19.4460000  19.1060000   1.8320000  18.9880000  18.3160000
   1.4420000  17.8340000  20.1440000   2.0830000  17.8240000  21.2440000
   0.7790000  16.6980000  19.6430000   0.7980000  15.8000000  20.1800000
   0.2670000  16.7510000  18.7350000   3.6440000  20.0480000  19.9200000
   4.0620000  19.3630000  18.9750000   4.5720000  20.6530000  20.9480000
   4.1700000  21.2270000  21.6850000   6.0060000  20.4880000  20.9210000
   6.3530000  20.6280000  19.9070000   6.7880000  21.4060000  21.8850000
   7.8430000  21.2260000  21.7580000   6.4990000  22.9040000  21.4780000
   6.8200000  23.0880000  20.4280000   5.4070000  23.0990000  21.5430000
   7.0620000  23.5970000  22.1720000   6.4520000  21.0630000  23.3720000
   6.6820000  20.0030000  23.5590000   7.0780000  21.6950000  24.0240000
   4.9750000  21.2950000  23.7270000   4.7200000  22.3810000  23.5550000
   4.3140000  20.6440000  23.0770000   4.8270000  21.0250000  24.8030000
   6.2310000  19.0490000  21.3820000   5.4620000  18.5260000  22.2080000
   7.2380000  18.3970000  20.7910000   7.8280000  18.7980000  20.0650000
   7.4090000  16.9940000  21.2390000   6.4810000  16.4300000  21.0440000
   8.6030000  16.2370000  20.5920000   9.5120000  16.8490000  20.7410000
   8.7350000  15.2570000  21.0910000   8.3830000  15.9850000  19.0720000
   7.4880000  15.3590000  18.8960000   8.2620000  16.9530000  18.5460000
   9.6340000  15.2390000  18.5770000  10.6560000  15.8860000  18.2470000
   9.5590000  13.8360000  18.5290000  10.3610000  13.2870000  18.2110000
   8.7010000  13.3440000  18.8120000   7.6980000  17.0500000  22.7290000
   8.7210000  17.6350000  23.2060000   6.8830000  16.4020000  23.3170000
   6.1540000  15.8220000  22.8660000   7.0030000  16.4710000  24.7680000
   6.9730000  17.5240000  25.0700000   5.8970000  15.6750000  25.5140000
   5.9260000  14.6210000  25.2050000   6.0990000  15.7410000  26.5900000
   4.4830000  16.2310000  25.2100000   4.2480000  16.0810000  24.1490000
   3.7770000  15.6660000  25.8100000   4.3450000  17.7570000  25.5310000
   5.0840000  18.3140000  24.9670000   3.3530000  18.0780000  25.2130000
   4.5470000  18.1010000  27.0420000   3.7820000  17.5950000  27.6170000
   5.5220000  17.7560000  27.3860000   4.4530000  19.6020000  27.2410000
   5.1770000  20.0810000  26.6990000   3.5320000  19.9290000  26.9170000
   4.5870000  19.8210000  28.2440000   8.3280000  15.8890000  25.2000000
   8.6320000  14.7040000  24.9190000   9.2420000  16.9380000  25.9340000
   8.9290000  17.9030000  26.1020000  10.5280000  16.5260000  26.4700000
  10.4090000  15.6670000  27.1430000  11.5430000  16.1830000  25.3640000
  12.4550000  15.8340000  25.8570000  11.1210000  15.3780000  24.7410000
  11.8900000  17.4010000  24.4410000  10.9950000  17.7610000  23.9250000
  12.3300000  18.2160000  25.0390000  12.8940000  16.9140000  23.4030000
  12.5550000  15.9240000  22.6460000  14.0170000  17.5320000  23.3560000
  11.0800000  17.7280000  27.2470000  10.5320000  18.8490000  27.1720000
  12.2330000  17.6710000  28.0570000  12.6200000  16.7250000  28.1830000
  12.8310000  18.8250000  28.7410000  12.5070000  19.7520000  28.2540000
  12.5210000  18.8770000  30.2680000  11.4500000  18.9320000  30.3900000
  12.8960000  17.9690000  30.7600000  13.1480000  20.0450000  30.8710000
  12.9480000  20.0680000  31.8230000  14.3170000  18.6940000  28.6250000
  14.8630000  17.5900000  28.8540000  15.1470000  20.0470000  28.3870000
  16.1590000  20.0150000  28.3320000  14.4970000  21.3020000  28.0670000
  13.7080000  21.4820000  28.7720000  15.4670000  22.4850000  28.0600000
  15.9360000  22.5740000  29.0430000  16.5460000  22.2160000  26.9910000
  17.0790000  21.2730000  27.2540000  16.0650000  22.1080000  25.9810000
  17.2680000  23.0740000  26.9710000  14.7930000  23.7120000  27.7390000
  15.4290000  24.4550000  27.7400000  13.9330000  21.1800000  26.6580000
  14.2910000  20.2660000  25.8970000  12.9140000  21.9360000  26.3640000
  12.5960000  22.6210000  27.0490000  12.3790000  21.9470000  25.0020000
  12.1180000  20.9340000  24.6860000  11.1730000  22.8990000  24.8110000
  11.4810000  23.9090000  25.1010000  10.8810000  22.8960000  23.7550000
   9.9420000  22.4820000  25.6600000  10.2350000  22.5630000  26.7100000
   8.7730000  23.4690000  25.4220000   9.0920000  24.5060000  25.7180000
   8.4790000  23.4630000  24.3370000   7.9110000  23.1450000  26.0410000
   9.5350000  20.9840000  25.4100000   9.2820000  20.8420000  24.3240000
  10.3780000  20.3190000  25.6970000   8.6550000  20.7200000  26.0300000
  13.4950000  22.5050000  24.1640000  14.2730000  23.3660000  24.6430000
  13.7090000  21.9230000  23.0120000  13.1050000  21.1900000  22.6250000
  14.8090000  22.4770000  22.2570000  15.3240000  23.2020000  22.8820000
  15.8210000  21.4120000  21.7990000  15.2860000  20.5920000  21.3200000
  16.4970000  21.8700000  21.0840000  16.6180000  20.8610000  22.9640000
  16.1850000  19.8340000  23.8100000  15.3010000  19.3260000  23.7520000
  17.1750000  19.6360000  24.7360000  17.1240000  18.8870000  25.5410000
  18.2100000  20.4620000  24.5450000  17.8560000  21.2320000  23.4290000
  18.4780000  22.0220000  22.9850000  14.3030000  23.1840000  21.0210000
  13.5390000  22.6120000  20.2170000  14.8620000  24.4260000  21.0370000
  15.4400000  24.8750000  21.7510000  14.5400000  25.1560000  19.8280000
  14.1330000  24.4760000  19.0940000  13.5550000  26.3210000  20.0430000
  13.9540000  26.9670000  20.8160000  13.4680000  26.8780000  19.1150000
  12.1420000  25.8400000  20.4680000  11.8210000  25.1030000  19.7460000
  12.1720000  25.1370000  21.8520000  12.8320000  24.2530000  21.8060000
  12.5570000  25.8440000  22.6190000  11.1490000  24.8080000  22.1220000
  11.1230000  26.9940000  20.4020000  11.4480000  27.8080000  21.0860000
  11.0640000  27.3850000  19.3620000  10.1270000  26.6150000  20.7110000
  15.8260000  25.7440000  19.3180000  16.6910000  26.1570000  20.1090000
  16.1950000  25.6080000  18.2140000  15.5220000  25.1550000  17.5990000
  17.4210000  26.1490000  17.6850000  18.0560000  26.4580000  18.5000000
  18.1800000  25.1910000  16.7990000  18.3840000  24.3020000  17.3640000
  17.2860000  24.8230000  15.5860000  16.3510000  24.3510000  15.9480000
  17.0390000  25.7340000  15.0150000  17.8310000  24.1200000  14.9270000
  19.5300000  25.8390000  16.4000000  19.3350000  26.7750000  15.8510000
  20.1190000  26.0570000  17.3150000  20.1000000  25.1480000  15.7500000
  17.0720000  27.3330000  16.8440000  16.1470000  27.2910000  16.0200000
  17.9340000  28.6050000  17.0960000  18.7130000  28.7260000  17.7380000
  17.5430000  29.6720000  16.2190000  16.5290000  29.5310000  15.8920000
  17.7060000  31.0760000  16.8580000  17.1020000  31.1120000  17.7440000
  18.7410000  31.2000000  17.1280000  17.2950000  32.2670000  15.9550000
  17.3390000  33.1500000  16.5680000  18.2780000  32.4850000  14.7940000
  19.2850000  32.6930000  15.2020000  18.3140000  31.5750000  14.1650000
  17.9400000  33.3440000  14.1830000  15.8330000  32.1250000  15.4820000
  15.7200000  31.1860000  14.9060000  15.1680000  32.1030000  16.3600000
  15.5640000  32.9860000  14.8400000  18.4680000  29.5470000  15.0600000
  19.6720000  29.7790000  15.1880000  18.1920000  29.1810000  14.0400000
  17.1960000  29.0210000  13.8870000  19.1200000  29.0330000  12.9500000
  20.0440000  29.5390000  13.1860000  19.4100000  27.5570000  12.5860000
  18.4710000  27.0750000  12.3480000  20.0550000  27.5280000  11.7210000
  20.0970000  26.7800000  13.7190000  21.0740000  27.2090000  13.8980000
  19.4940000  26.8810000  14.6090000  20.2800000  25.2840000  13.4050000
  20.7130000  24.7850000  14.2570000  19.3220000  24.8410000  13.1640000
  21.2030000  25.1680000  12.2290000  20.8200000  25.0700000  11.2900000
  22.5680000  25.1930000  12.4240000  23.0840000  25.3300000  13.6940000
  22.4560000  25.4130000  14.4890000  24.0940000  25.3470000  13.8370000
  23.4160000  25.0780000  11.3480000  23.0330000  24.9750000  10.4100000
  24.4260000  25.0950000  11.4910000  18.4860000  29.6420000  11.7380000
  17.2630000  29.8530000  11.6860000  19.1520000  29.9600000  10.5990000
  20.2220000  30.1210000  10.6830000  18.3490000  30.0910000   9.2970000
  17.3560000  30.6450000   9.4380000  19.1320000  30.9080000   8.2170000
  20.1500000  30.3800000   8.1210000  18.4970000  30.8440000   7.2510000
  19.3920000  32.5370000   8.5920000  19.9430000  32.9950000   7.7830000
  17.9690000  33.3860000   8.6370000  17.3640000  33.3190000   7.6230000
  17.3340000  32.9040000   9.4150000  18.1910000  34.5440000   8.9070000
  20.3790000  32.7110000   9.9220000  19.8810000  32.1910000  10.7740000
  21.4210000  32.1810000   9.7860000  20.5400000  33.8860000  10.1580000
  18.0410000  28.5770000   8.7640000  18.9060000  27.5650000   8.9790000
  16.8130000  28.6540000   8.0190000  16.0490000  29.5250000   7.7730000
  16.2760000  27.0160000   7.7670000  17.2350000  26.3010000   7.7890000
  15.3370000  26.2520000   8.9180000  14.8820000  25.0830000   8.5700000
  16.1000000  26.1070000   9.9620000  14.0020000  27.2140000   9.1490000
  13.7340000  26.8170000  10.2120000  14.3760000  28.4740000   9.1440000
  12.5330000  27.0480000   7.9980000  12.7130000  27.5900000   6.9440000
  12.1770000  25.7920000   7.8950000  11.3550000  27.9110000   8.5380000
  11.6740000  28.6760000   9.3560000   9.8460000  27.6720000   7.9310000
   9.4120000  26.6510000   6.8170000  10.2070000  26.0720000   6.4410000
   8.2950000  26.4740000   6.3690000   8.7740000  28.4560000   8.4420000
   9.0970000  29.2110000   9.2670000   7.6570000  28.2810000   7.9950000
  15.3360000  27.0750000   6.2470000  15.6790000  28.0590000   5.2760000
  14.8980000  25.5390000   6.5040000  15.1100000  24.5060000   7.7290000
  13.3030000  25.0170000   4.8140000  11.9670000  25.3830000   4.6960000
  13.6030000  25.9670000   3.6560000  13.1050000  22.6160000   4.8520000
  14.0550000  21.3810000   6.2580000   7.7010000  19.1160000   4.3980000
   3.0450000  21.2330000   2.6370000   7.5910000  14.6280000   5.7780000
   5.4400000  16.6930000   3.1390000  13.0920000  13.2980000   7.2570000
   2.5620000   8.7650000   8.9470000   5.2270000   3.3870000  12.5930000
  -4.0190000   9.5990000   7.7530000
