
  1231
   7.6400000  27.2620000  31.3560000   7.9560000  28.0870000  31.8650000
   7.6740000  27.4460000  30.3510000   6.6840000  27.0340000  31.6290000
   8.5270000  26.1230000  31.6800000   8.4930000  25.9240000  32.7390000
   8.0850000  24.8650000  30.8950000   8.5970000  24.0150000  31.3060000
   7.0200000  24.7330000  31.0200000   8.3960000  24.9520000  29.3870000
   9.4530000  25.1430000  29.2740000   8.1450000  24.0040000  28.9390000
   7.4930000  26.2500000  28.4800000   5.9290000  25.3070000  28.3650000
   6.1020000  24.3680000  27.8120000   5.5620000  25.0740000  29.3860000
   5.1740000  25.9070000  27.8290000   9.9280000  26.4690000  31.2750000
  10.1920000  27.5500000  30.7330000  10.9540000  25.7770000  31.5350000
  10.7320000  24.9190000  32.0290000  12.2900000  26.0790000  31.1100000
  12.5100000  27.1070000  31.3180000  13.3620000  25.1870000  31.7690000
  13.3000000  25.3100000  32.8390000  13.1480000  24.1650000  31.5140000
  14.7990000  25.5100000  31.3270000  14.9060000  25.3320000  30.2680000
  15.0300000  26.5370000  31.5410000  15.7370000  24.5970000  32.1120000
  16.9610000  24.6560000  31.9560000  15.1470000  23.7330000  32.9920000
  15.7190000  23.1050000  33.5440000  14.1370000  23.7190000  33.0940000
  12.3050000  25.8570000  29.6310000  11.9180000  24.7920000  29.1440000
  12.8380000  26.8770000  28.8980000  13.1490000  27.7420000  29.3200000
  12.8580000  26.7250000  27.4710000  12.6190000  25.7130000  27.2130000
  11.9230000  27.6660000  26.7400000  11.0200000  27.7480000  27.3160000
  12.5920000  29.0550000  26.6920000  12.7700000  29.4120000  27.7220000
  13.5550000  28.9860000  26.1560000  11.9290000  29.7610000  26.1630000
  11.5450000  27.1450000  25.3310000  11.1460000  26.1530000  25.4420000
  10.7860000  27.7900000  24.9260000  12.7010000  27.0880000  24.3260000
  13.1200000  28.0990000  24.1830000  13.4890000  26.4190000  24.7120000
  12.3280000  26.7040000  23.3590000  14.2540000  27.0380000  27.0520000
  14.9050000  27.9160000  27.6230000  14.7810000  26.3150000  26.0400000
  14.2320000  25.5500000  25.6720000  16.0910000  26.5720000  25.5280000
  16.5870000  27.3260000  26.1050000  16.9380000  25.2820000  25.4660000
  16.9430000  24.8190000  26.4370000  16.5010000  24.6110000  24.7510000
  18.3470000  25.5810000  25.0600000  18.7050000  25.6440000  23.7320000
  17.9580000  25.4810000  22.9610000  20.0100000  25.9150000  23.3800000
  20.2830000  25.9630000  22.3300000  20.9700000  26.1240000  24.3430000
  21.9960000  26.3390000  24.0560000  20.6210000  26.0590000  25.6710000
  21.3700000  26.2210000  26.4420000  19.3180000  25.7870000  26.0170000
  19.0480000  25.7320000  27.0670000  15.8870000  27.0270000  24.1150000
  15.4560000  26.2480000  23.2650000  16.2870000  28.3580000  23.7840000
  16.5630000  28.9920000  24.5200000  16.2140000  28.8290000  22.4320000
  15.6510000  28.1480000  21.8270000  15.6730000  30.2230000  22.2980000
  16.2700000  30.8810000  22.8950000  15.7900000  30.6520000  20.8230000
  16.8480000  30.6280000  20.5170000  15.2070000  29.9610000  20.1940000
  15.3970000  31.6740000  20.7040000  14.2300000  30.2420000  22.8340000
  13.6100000  29.5420000  22.2500000  14.2270000  29.9370000  23.8930000
  13.8180000  31.2600000  22.7420000  17.6340000  28.8540000  22.0050000
  18.4200000  29.6740000  22.4830000  17.9700000  27.9920000  21.0200000
  17.2710000  27.4440000  20.5350000  19.3540000  27.8460000  20.7120000
  19.9310000  28.1080000  21.5770000  19.7350000  26.4190000  20.2820000
  19.4690000  25.7390000  21.0720000  19.1820000  26.1710000  19.3950000
  21.2310000  26.2630000  19.9880000  21.4540000  26.7940000  19.0800000
  21.7850000  26.6960000  20.8010000  21.6790000  24.8090000  19.8220000
  22.7090000  24.7330000  20.1230000  21.0740000  24.1890000  20.4580000
  21.5510000  24.2990000  18.3850000  21.7910000  23.2530000  18.3560000
  20.5430000  24.4460000  18.0400000  22.4860000  25.0460000  17.5060000
  22.2600000  26.0350000  17.5320000  23.4390000  24.9080000  17.8310000
  22.3990000  24.7060000  16.5540000  19.7530000  28.7290000  19.5890000
  19.5700000  28.4040000  18.4150000  20.2320000  29.7860000  19.8140000
  20.1130000  30.1940000  20.7340000  20.9500000  30.5060000  18.8200000
  20.7810000  30.1220000  17.8330000  20.7810000  32.0030000  18.8890000
  21.3610000  32.4560000  18.1070000  19.2970000  32.3610000  18.6830000
  18.9670000  31.9980000  17.6950000  18.6920000  31.8840000  19.4750000
  19.1690000  33.4570000  18.7330000  21.2320000  32.4890000  20.1470000
  21.1200000  33.4450000  20.1800000  22.3070000  30.1850000  19.3190000
  22.4490000  29.2850000  20.1520000  23.3920000  30.8950000  18.8480000
  23.3660000  31.6290000  18.1490000  24.5940000  30.4400000  19.4790000
  24.6570000  29.3730000  19.3860000  25.8650000  31.0660000  18.8670000
  25.7830000  32.1380000  18.9310000  26.7170000  30.7330000  19.4340000
  26.0860000  30.6830000  17.3860000  26.0340000  29.6130000  17.3330000
  24.9540000  31.2400000  16.4960000  23.9860000  30.8260000  16.8320000
  24.9280000  32.3420000  16.5710000  25.1390000  30.9510000  15.4470000
  27.4920000  31.0870000  16.8950000  27.6140000  32.1790000  16.9910000
  28.2560000  30.5710000  17.5050000  27.6130000  30.7980000  15.8370000
  24.5630000  30.7980000  20.9530000  24.8460000  29.9520000  21.8090000
  24.2110000  31.8940000  21.3240000  23.8570000  32.4420000  20.5380000
  24.3050000  32.5510000  22.6240000  25.3020000  32.3480000  22.9740000
  24.1890000  34.0590000  22.5030000  24.8890000  34.4070000  21.7550000
  22.7540000  34.4380000  22.0630000  22.5460000  33.9740000  21.0800000
  22.0270000  34.0690000  22.8210000  22.6620000  35.5430000  21.9730000
  24.4890000  34.6660000  23.7600000  24.4130000  35.6290000  23.6750000
  23.3680000  32.1290000  23.7650000  23.8640000  31.7310000  24.8320000
  22.0520000  31.9820000  23.7690000  21.5710000  32.2200000  22.9110000
  21.3400000  31.6150000  24.9880000  21.5490000  30.5840000  25.2110000
  21.6930000  32.2320000  25.7910000  19.8340000  31.7930000  24.8670000
  19.3140000  31.9460000  23.7610000  19.0610000  31.5880000  26.2400000
  19.5030000  31.4820000  27.1470000  17.6000000  31.6590000  26.1690000
  17.3160000  32.5190000  25.5900000  17.0340000  30.4020000  25.5070000
  15.9780000  30.3390000  25.7200000  17.1820000  30.4760000  24.4410000
  17.7250000  29.1190000  26.0230000  17.3230000  28.2840000  25.4810000
  18.7830000  29.2010000  25.8270000  17.5320000  28.8500000  27.5280000
  17.7680000  29.7530000  28.0580000  16.4970000  28.5970000  27.6930000
  18.3990000  27.7240000  28.1070000  18.1700000  26.8070000  27.5980000
  19.4400000  27.9630000  27.9640000  18.1240000  27.5590000  29.5560000
  18.3400000  28.4240000  30.0400000  17.1400000  27.3310000  29.6930000
  18.7030000  26.8100000  29.9310000  16.9160000  31.7210000  27.5410000
  17.5770000  31.5380000  28.5680000  15.5430000  31.9210000  27.5890000
  15.0980000  32.2010000  26.7210000  14.6870000  31.8400000  28.7800000
  14.6660000  30.8270000  29.1280000  15.1430000  32.7280000  29.9010000
  16.1860000  32.5520000  30.0900000  14.9430000  34.1930000  29.4730000
  15.5390000  34.3960000  28.5640000  13.8740000  34.3740000  29.2610000
  15.2750000  34.8580000  30.2870000  14.3980000  32.4530000  31.0850000
  14.6980000  33.0270000  31.7950000  13.2620000  32.2720000  28.4110000
  13.1080000  33.2290000  27.6510000  12.1070000  31.2830000  29.3670000
  12.2260000  30.4470000  29.9270000  10.7660000  31.7580000  29.0210000
  10.7900000  32.8300000  28.9990000  10.2230000  31.2710000  27.6990000
   9.2910000  31.7700000  27.5180000  11.2080000  31.6920000  26.5870000
  11.3060000  32.7910000  26.5730000  12.1980000  31.2430000  26.7830000
  10.8290000  31.3440000  25.6070000   9.9370000  29.7590000  27.7560000
  10.8780000  29.2400000  27.7510000   9.4130000  29.5410000  28.6740000
   9.0890000  29.2500000  26.5790000   8.1130000  29.7640000  26.5750000
   9.6170000  29.4550000  25.6280000   8.9260000  28.1630000  26.6870000
   9.7200000  31.3220000  30.0270000   9.9580000  30.4730000  30.8890000
   8.3970000  31.7620000  30.0700000   8.2800000  32.5190000  29.4010000
   7.2590000  31.3520000  30.8790000   7.6080000  30.7930000  31.7340000
   6.4230000  32.4990000  31.3670000   7.0640000  33.2370000  31.8340000
   5.7100000  33.1330000  30.1460000   6.4660000  33.5030000  29.4170000
   5.0600000  32.3730000  29.6540000   5.0920000  33.9780000  30.4910000
   5.4620000  32.0310000  32.3250000   4.9310000  32.7710000  32.6320000
   6.3550000  30.4630000  30.0370000   6.4730000  30.4090000  28.7990000
   5.2930000  29.7110000  30.7400000   5.2190000  29.8280000  31.7560000
   4.3690000  28.7830000  30.0900000   4.9360000  28.0950000  29.4930000
   3.5080000  27.9730000  31.1080000   2.9640000  28.6670000  31.7270000
   2.8060000  27.3550000  30.5510000   4.3380000  27.0590000  32.0450000
   4.9760000  26.4770000  31.4070000   5.2660000  27.8860000  32.9870000
   5.9680000  28.5010000  32.3720000   4.6520000  28.5490000  33.6220000
   5.8430000  27.2020000  33.6400000   3.4280000  26.0600000  32.8230000
   2.7100000  26.6190000  33.4490000   2.8700000  25.4220000  32.0960000
   4.0530000  25.4240000  33.4810000   3.4110000  29.5050000  29.1770000
   3.0730000  29.0250000  28.0760000   2.9600000  30.6320000  29.6540000
   3.3380000  31.0100000  30.5290000   1.9430000  31.3760000  28.9540000
   1.0900000  30.7210000  28.7980000   1.4730000  32.6120000  29.7580000
   0.7040000  33.0990000  29.1790000   1.0570000  32.2660000  30.7040000
   2.5850000  33.6490000  30.0670000   3.3620000  33.1940000  30.6630000
   3.0080000  34.0300000  29.1390000   1.9440000  34.7880000  30.8610000
   1.3900000  34.5030000  31.9780000   1.9960000  35.9540000  30.3580000
   2.4400000  31.8370000  27.5950000   1.6460000  32.0000000  26.6520000
   3.8480000  32.0840000  27.4590000   4.4730000  31.8320000  28.2240000
   4.4100000  32.6220000  26.2330000   4.0660000  33.6330000  26.1250000
   5.9230000  32.6640000  26.2260000   6.2690000  33.1530000  27.1270000
   6.4440000  31.2130000  26.2260000   6.0820000  30.6840000  27.1370000
   6.0690000  30.6890000  25.3190000   7.5530000  31.2290000  26.2210000
   6.3890000  33.4940000  24.9940000   6.0090000  33.0200000  24.0610000
   5.9930000  34.5210000  25.0680000   7.4970000  33.5370000  24.9710000
   3.9590000  31.8570000  25.0050000   3.6750000  30.6500000  25.0510000
   3.8470000  32.4720000  23.9550000   4.0730000  33.4630000  24.0350000
   3.4460000  31.9830000  22.6500000   3.1290000  30.9510000  22.7180000
   2.3340000  32.8350000  21.9990000   2.0370000  32.3720000  21.0640000
   1.4920000  32.8500000  22.6730000   2.7660000  34.2890000  21.7040000
   3.0490000  34.7840000  22.6270000   3.6010000  34.3060000  21.0210000
   1.5670000  34.9910000  21.0630000   0.4430000  34.3910000  21.0880000
   1.7560000  36.1370000  20.5400000   4.6630000  32.1170000  21.7620000
   5.5670000  32.9160000  22.0690000   4.6880000  31.2420000  20.7380000
   4.3270000  29.8250000  20.8480000   3.2770000  29.6780000  20.6320000
   4.5460000  29.4580000  21.8440000   5.1900000  29.0970000  19.7950000
   4.5770000  28.4420000  19.1870000   5.9630000  28.5240000  20.2830000
   5.8120000  30.2270000  18.9270000   5.1880000  30.4550000  18.0720000
   6.8010000  29.9700000  18.5870000   5.8640000  31.3920000  19.9180000
   6.6970000  31.1930000  20.5740000   6.1270000  32.7590000  19.3360000
   7.3040000  33.1220000  19.1900000   5.0250000  33.6210000  19.0700000
   4.0670000  33.3030000  19.2040000   5.3150000  34.9570000  18.5780000
   5.9110000  34.8970000  17.6850000   4.0370000  35.7650000  18.2740000
   3.4520000  35.2480000  17.5190000   3.4590000  35.8520000  19.1820000
   4.3800000  37.0760000  17.7950000   3.5750000  37.5700000  17.6090000
   6.0820000  35.6940000  19.6540000   7.0340000  36.4420000  19.3690000
   5.8010000  35.6620000  20.8980000   5.0300000  35.0440000  21.1350000
   6.4890000  36.3800000  21.9460000   6.5240000  37.4240000  21.6860000
   5.8060000  36.2240000  23.3210000   4.7500000  36.4010000  23.2160000
   5.9670000  35.2260000  23.7020000   6.4150000  37.2470000  24.2840000
   7.3570000  37.9830000  23.8640000   5.9450000  37.3050000  25.4560000
   7.8950000  35.8660000  22.0780000   8.8310000  36.6520000  22.2790000
   8.0310000  34.5750000  21.9370000   7.2560000  33.9510000  21.7460000
   9.3520000  34.0400000  22.1410000   9.7440000  34.4360000  23.0580000
   9.3870000  32.5350000  22.2200000   8.6550000  32.2000000  22.9280000
   9.0560000  31.9400000  20.8400000   8.0500000  32.2660000  20.5260000
   9.8000000  32.2890000  20.1040000   9.0830000  30.8380000  20.9010000
  10.6740000  32.1020000  22.6450000  10.6890000  31.1400000  22.6940000
  10.2410000  34.4830000  21.0190000  11.4000000  34.8420000  21.2430000
   9.7310000  34.5480000  20.0340000   8.7440000  34.2980000  20.0430000
  10.4310000  34.7410000  18.7820000  11.2990000  34.1100000  18.7770000
   9.6030000  34.3940000  17.5620000   9.1840000  33.4110000  17.7070000
   8.4310000  35.3850000  17.4600000   7.7990000  35.3150000  18.3710000
   8.8310000  36.4160000  17.3660000   7.8220000  35.1350000  16.5680000
  10.5070000  34.3450000  16.3010000  10.7940000  35.3540000  16.0430000
  11.3890000  33.7770000  16.5310000   9.8170000  33.6960000  15.0850000
   9.5250000  32.6550000  15.3300000   8.9130000  34.2730000  14.8300000
  10.5160000  33.6920000  14.2210000  10.9000000  36.1720000  18.6720000
  12.0530000  36.4360000  18.2960000   9.9640000  37.2460000  19.2200000
   9.0710000  36.9540000  19.6070000  10.3240000  38.6390000  19.2350000
  10.5610000  38.9260000  18.2230000   9.2070000  39.5860000  19.7700000
   9.5350000  40.6010000  19.6410000   8.3090000  39.4210000  19.1790000
   8.8540000  39.3950000  21.2590000   8.3580000  38.4520000  21.3920000
   9.7570000  39.4190000  21.8650000   7.9120000  40.5440000  21.6670000
   7.1260000  41.0170000  20.7810000   7.9710000  40.9710000  22.8690000
  11.5520000  38.8420000  20.0950000  12.4280000  39.6410000  19.7590000
  11.5690000  38.2710000  21.1110000  10.8440000  37.5930000  21.3040000
  12.6380000  38.4750000  22.0590000  12.6720000  39.5140000  22.3290000
  12.4830000  37.6320000  23.3420000  12.2960000  36.6040000  23.0800000
  13.3800000  37.6930000  23.9370000  11.2980000  38.1990000  24.1290000
  10.9990000  39.3960000  24.0640000  10.6050000  37.3210000  24.9000000
   9.8110000  37.6430000  25.4440000  10.8830000  36.3460000  24.9290000
  13.9410000  38.0830000  21.4230000  14.9390000  38.7910000  21.5630000
  13.8980000  36.9330000  20.6720000  13.0220000  36.4000000  20.6690000
  15.0880000  36.3650000  20.0750000  15.8700000  36.3460000  20.8170000
  14.8510000  34.9640000  19.5400000  14.0550000  34.9900000  18.8120000
  16.1470000  34.4870000  18.8230000  16.3940000  35.1690000  17.9820000
  16.9860000  34.4920000  19.5500000  15.9880000  33.4600000  18.4250000
  14.3950000  34.0660000  20.7210000  15.1880000  34.0610000  21.4980000
  13.4540000  34.4600000  21.1640000  14.2160000  33.0330000  20.3440000
  15.5420000  37.2190000  18.9210000  16.7310000  37.5790000  18.8070000
  14.5830000  37.6770000  17.8920000  13.5700000  37.5180000  18.2720000
  14.8090000  38.4250000  16.6450000  15.4070000  37.8120000  15.8730000
  13.3890000  38.8430000  15.9560000  13.6570000  39.3540000  15.0060000
  12.7650000  37.9370000  15.6740000  12.4580000  39.7850000  16.9250000
  11.9730000  39.2020000  17.7410000  13.1460000  40.5700000  17.4110000
  11.2510000  40.4560000  16.1290000  11.7380000  41.1400000  15.4070000
  10.6470000  39.6760000  15.5310000  10.1990000  41.2550000  17.1160000
   9.3220000  41.5970000  16.4950000   9.7820000  40.6080000  17.9110000
  10.9530000  42.4470000  17.8310000  11.7820000  42.1270000  18.4190000
  11.3470000  43.0610000  17.0810000  10.2470000  42.9690000  18.4810000
  15.6730000  39.6890000  17.0240000  16.6730000  40.0510000  16.2450000
  15.2020000  40.3580000  17.9900000  14.4140000  40.0240000  18.6850000
  15.9200000  41.6860000  18.2480000  15.8250000  42.2770000  17.3180000
  15.3110000  42.4750000  19.5910000  14.1570000  42.6210000  19.4460000
  15.4370000  41.8850000  20.5560000  15.9030000  43.4850000  19.7340000
  17.4820000  41.5140000  18.4990000  18.4300000  42.2630000  17.9350000
  17.3440000  40.3310000  19.5590000  16.5110000  39.7170000  19.7950000
  18.5980000  40.1280000  20.2360000  18.9080000  41.0870000  20.7400000
  18.4390000  38.9820000  21.3160000  18.0280000  38.0530000  20.8240000
  19.4370000  38.7820000  21.6860000  17.4880000  39.3670000  22.5560000
  18.0360000  40.0820000  23.2210000  16.6090000  39.8670000  22.1830000
  16.9810000  38.1140000  23.4030000  16.6080000  38.4910000  24.3990000
  16.1540000  37.5960000  22.8760000  18.0880000  37.0510000  23.6190000
  19.0380000  37.5930000  23.8390000  17.7730000  36.4080000  24.4730000
  18.2890000  36.1610000  22.3590000  17.3930000  35.6460000  22.1490000
  18.5880000  36.7670000  21.5500000  19.0230000  35.4620000  22.5120000
  19.7130000  39.6990000  19.2150000  20.8510000  40.2890000  19.2350000
  19.3180000  39.2280000  17.9540000  18.3720000  38.7600000  17.9140000
  20.4250000  38.8310000  17.0230000  21.3800000  39.1100000  17.4970000
  20.3730000  37.3020000  16.6770000  21.2390000  37.0830000  16.0040000
  20.5070000  36.5170000  18.0420000  21.4910000  36.8270000  18.5170000
  19.6540000  36.7710000  18.7750000  20.4720000  35.3910000  17.8120000
  19.0590000  36.8900000  15.8890000  18.1970000  36.9570000  16.6100000
  18.9600000  37.6090000  15.0640000  19.0520000  35.4220000  15.2470000
  19.9250000  35.3360000  14.4950000  19.1410000  34.6680000  16.0800000
  18.0850000  35.2050000  14.7040000  20.3650000  39.5580000  15.6640000
  20.9080000  39.0640000  14.5960000  19.7710000  40.2020000  15.0250000
  19.3330000  41.0690000  15.9110000  20.2120000  40.7460000  13.4540000
  19.7090000  41.9440000  13.4640000  21.9920000  41.0520000  12.8320000
  22.5230000  39.8990000  12.9320000  22.2350000  41.3180000  11.6210000
  22.7140000  42.5560000  13.7190000  22.3490000  42.4110000  14.9560000
  23.9640000  42.5920000  13.3480000  22.1460000  44.2100000  13.3430000
  21.1510000  44.9910000  14.3160000  22.7890000  44.7580000  11.8880000
  22.4540000  45.8470000  11.5710000  23.6010000  44.0740000  11.1230000
  19.6140000  39.4820000  12.3140000  20.5180000  38.9870000  11.0860000
  17.7720000  39.9770000  12.4540000  17.3800000  39.9300000  13.5700000
  16.8260000  39.3350000  11.1710000  17.5080000  39.4910000  10.1180000
  16.3320000  37.7100000  11.1030000  15.6690000  37.3310000  10.0880000
  17.3760000  37.1480000  11.0480000  15.3100000  37.4490000  12.5480000
  15.5070000  38.3620000  13.7430000  14.3330000  36.3440000  12.4850000
  15.3750000  40.1280000  11.2210000  14.4190000  40.1950000  12.3530000
  15.3810000  40.0050000   9.6150000  16.4670000  38.4340000   8.0540000
  14.6570000  42.1160000   9.7620000  15.3250000  44.1920000  11.1170000
  16.5290000  42.0960000   7.5800000  16.0820000  39.9650000   6.1650000
  15.7990000  43.5890000   7.7160000  20.0280000  42.9600000   7.1830000
  20.5280000  45.2500000   8.3410000  20.6050000  41.8790000   7.5330000
  22.0860000  42.2130000   4.7750000  21.6050000  39.9230000   3.6070000
  21.5280000  43.2940000   4.4140000  25.5630000  43.1120000   4.4500000
  26.8750000  42.6690000   2.7690000  26.0510000  45.3790000   5.6750000
  26.4580000  41.4830000   4.7580000  25.2240000  41.9000000   6.3440000
  26.0000000  39.3420000   3.5990000  28.7640000  42.0910000   4.5390000
  11.2590000  41.7940000  10.2710000  10.0100000  43.9420000  11.6620000
  10.0070000  40.8970000   8.0280000  11.1690000  41.0410000   6.0760000
   7.4370000  40.3200000   8.2550000   5.8810000  40.7930000   9.8390000
   5.8370000  40.6050000   5.2540000   7.4330000  40.1920000   3.6210000
   4.0940000  40.0550000   5.5720000   4.4470000  42.2040000   4.0610000
   2.8240000  42.6340000   5.6560000   6.1580000  42.7710000   3.6950000
   2.9230000  42.3620000   1.1050000   0.3420000  42.1560000   1.2180000
   4.3100000  42.6950000  -1.3030000   8.3950000  38.7310000   9.3860000
   9.0750000  37.8800000   7.6600000   8.0270000  38.7380000  10.3750000
   7.2410000  39.4630000  10.8050000   8.2330000  37.3550000  11.4230000
   9.5860000  37.0690000  11.5380000   7.6800000  37.4020000  12.6300000
   7.3730000  36.2390000  10.7440000   7.9600000  35.0020000  11.0160000
   4.6460000  35.3900000  10.8910000   3.5500000  36.6400000  10.6920000
   4.1100000  34.0010000  10.4000000   4.1110000  32.5870000  11.6570000
   1.6620000  34.4570000   9.8670000   0.4980000  34.2950000  11.0970000
   1.2220000  36.6630000   8.3850000   1.4030000  37.6430000   8.9460000
   2.4960000  36.9700000   7.1230000  -0.5490000  36.9580000   8.0230000
   1.0840000  32.9170000   9.3950000   1.5500000  31.4430000  10.4920000
  -0.7570000  33.1330000   9.3570000   2.3180000  33.0420000   7.5360000
   1.8470000  34.5350000   6.3800000   4.2150000  32.8000000   7.5440000
   1.7790000  31.8820000   7.3430000   5.9880000  33.6800000   9.0160000
   6.4350000  31.9630000   9.2290000   7.3250000  34.3460000   8.0080000
   6.9120000  36.1720000   7.2260000   6.4330000  36.9090000   7.9770000
   5.8720000  36.2390000   6.4210000   8.7860000  36.8780000   6.4820000
   9.5800000  37.4260000   7.1910000   8.5700000  37.8670000   5.4640000
   9.7790000  35.2300000   6.2100000  11.2610000  35.2950000   6.3230000
   9.5010000  35.1150000   5.1310000   8.9560000  33.6650000   7.3930000
   8.4770000  32.7410000   6.8400000  10.3770000  32.7040000   8.4770000
  11.3320000  31.5400000   8.1430000  10.8670000  33.1080000   9.1770000
  11.0600000  34.7120000   9.1590000   9.9430000  35.2870000   8.9810000
  11.8890000  35.1730000   8.3400000  11.6980000  34.8330000  10.6460000
  10.7450000  34.8870000  11.3940000  12.4360000  35.8040000  10.6050000
  12.6690000  33.3820000  11.0500000  12.5910000  32.9850000  12.1810000
  13.8900000  33.5660000  10.7440000  11.9170000  32.2540000  10.2110000
  12.8570000  31.8430000   9.6100000  11.2520000  30.9120000  11.1770000
   9.8080000  30.7630000  11.3320000  12.5540000  30.7130000  11.6700000
  13.5660000  30.5960000  11.7940000  11.6650000  29.7970000  12.3630000
  10.7620000  30.3160000  12.6510000  11.2970000  28.5330000  11.5310000
  10.9730000  28.8450000  10.5450000  12.1700000  27.8890000  11.4570000
  10.1520000  27.7570000  12.2140000   9.4790000  28.3570000  13.0980000
   9.9380000  26.5490000  11.8560000  12.4170000  29.2960000  13.5840000
  13.6580000  29.4240000  13.6810000  11.8950000  29.3020000  14.5650000
  10.9080000  29.4740000  14.4420000  12.3430000  28.5420000  15.6970000
  13.4090000  28.5950000  15.7690000  11.7120000  28.9830000  17.0250000
  12.1500000  28.4080000  17.8180000  11.9290000  30.0230000  17.1760000
  10.1950000  28.7930000  17.0690000   9.9430000  27.7980000  16.7570000
   9.8360000  28.9570000  18.0670000   9.5710000  29.8060000  16.1210000
   8.5310000  29.5490000  15.5190000  10.2200000  30.9950000  15.9880000
   9.8500000  31.7060000  15.3730000  11.0710000  31.1660000  16.5040000
  11.9230000  27.1290000  15.4480000  10.7480000  26.8520000  15.1970000
  13.1030000  26.1380000  15.3280000  14.0180000  26.4290000  15.6610000
  12.8300000  24.7630000  15.0170000  11.8050000  24.6760000  14.6990000
  13.7430000  24.1870000  13.9090000  13.6360000  24.7920000  13.0270000
  14.7660000  24.2300000  14.2520000  13.4130000  22.7380000  13.5360000
  13.5460000  22.1060000  14.3950000  12.3910000  22.6680000  13.1930000
  14.3650000  22.3060000  12.4180000  14.4040000  21.1310000  12.0410000
  15.1570000  23.2770000  11.8770000  15.8090000  23.0460000  11.1330000
  15.0920000  24.2280000  12.2190000  13.0210000  23.9370000  16.2490000
  13.8980000  24.2120000  17.0790000  12.1580000  23.1870000  16.4380000
  11.4360000  23.1220000  15.7200000  12.1580000  22.2350000  17.5220000
  13.1750000  22.0310000  17.8140000  11.3530000  22.6850000  18.7660000
  11.3770000  21.9020000  19.5090000  11.8160000  23.5720000  19.1710000
   9.8870000  22.9880000  18.4230000   9.8740000  23.7660000  17.6740000
   9.4340000  22.0970000  18.0150000   9.0360000  23.4420000  19.6210000
   8.8350000  22.6160000  20.2890000   9.5460000  24.2240000  20.1660000
   7.7600000  23.9480000  19.0260000   7.6280000  24.9420000  18.8960000
   6.7670000  23.0710000  18.6550000   6.8830000  21.7440000  18.9570000
   7.7000000  21.4110000  19.4640000   6.1520000  21.0930000  18.6720000
   5.6720000  23.5240000  17.9580000   5.5940000  24.5060000  17.7280000
   4.9390000  22.8760000  17.6730000  11.5160000  20.9900000  16.9980000
  10.8830000  20.9860000  15.9300000  11.8500000  19.8870000  17.7220000
  12.3660000  19.9330000  18.6070000  11.2800000  18.6560000  17.2540000
  11.1410000  18.7030000  16.1770000  12.1330000  17.4220000  17.6060000
  12.3140000  17.4200000  18.6800000  11.5710000  16.5410000  17.3290000
  13.5090000  17.3970000  16.8680000  13.3040000  17.4910000  15.8070000
  14.4020000  18.5980000  17.2750000  13.8810000  19.5330000  17.0100000
  14.5880000  18.5730000  18.3760000  15.3750000  18.5480000  16.7300000
  14.2220000  16.0480000  17.0680000  14.3970000  15.8790000  18.1590000
  13.5790000  15.2380000  16.6600000  15.2010000  16.0590000  16.5310000
   9.9350000  18.4970000  17.9250000   9.7280000  18.9190000  19.0790000
   8.9060000  18.0240000  17.1660000   9.1300000  17.7720000  16.1970000
   7.5760000  17.7280000  17.6760000   7.4590000  18.1570000  18.6680000
   6.4760000  18.2280000  16.7440000   6.7300000  17.9340000  15.7280000
   5.0950000  17.5840000  17.0950000   5.1560000  16.4870000  16.9860000
   4.8230000  17.8370000  18.1500000   4.3170000  17.9680000  16.3990000
   6.4700000  19.7710000  16.7930000   6.1830000  20.0750000  17.7990000
   7.4770000  20.1310000  16.5780000   5.5010000  20.4130000  15.7840000
   5.7860000  20.1240000  14.7410000   4.4580000  20.0660000  15.9950000
   5.5610000  21.5130000  15.8870000   7.5390000  16.2380000  17.7680000
   8.4370000  15.5990000  17.1990000   6.5750000  15.7110000  18.4670000
   5.8760000  16.3000000  18.9100000   6.5070000  14.2850000  18.6430000
   7.3750000  13.9530000  19.2000000   5.1970000  13.7760000  19.3400000
   4.3410000  14.2870000  18.9180000   5.0840000  12.7180000  19.1690000
   5.2670000  14.0370000  20.8310000   4.9940000  15.2810000  21.3530000
   4.7260000  16.0950000  20.6770000   5.0620000  15.4960000  22.7340000
   4.8550000  16.4830000  23.1390000   5.3900000  14.4730000  23.6060000
   5.4350000  14.6500000  24.6930000   5.6600000  13.2270000  23.0920000
   5.9260000  12.4140000  23.7700000   5.5910000  13.0160000  21.7120000
   5.7960000  12.0280000  21.3090000   6.4990000  13.6740000  17.2590000
   7.3340000  12.8170000  16.9570000   5.6780000  14.0580000  16.2940000
   4.9620000  14.7180000  16.5880000   5.7060000  13.5820000  14.9060000
   5.6940000  12.5080000  14.8920000   4.5130000  14.1000000  14.0470000
   3.5390000  13.7650000  14.5070000   4.5570000  15.2040000  14.0240000
   4.5900000  13.7020000  12.9960000   7.0000000  14.0980000  14.2700000
   7.6950000  13.3820000  13.5200000   7.2830000  15.2960000  14.6260000
   6.7060000  15.8270000  15.2820000   8.4640000  15.9290000  14.0430000
   9.0780000  16.3760000  14.8310000   9.0550000  15.2080000  13.4940000
   7.9620000  16.9840000  13.0910000   7.4710000  16.6830000  11.9780000
   7.9820000  18.2500000  13.6410000   8.3980000  18.4150000  14.5740000
   7.5380000  19.3780000  12.8530000   7.8610000  19.2560000  11.8140000
   5.9840000  19.5690000  12.8840000   5.6570000  19.6200000  13.9320000
   5.7570000  20.4930000  12.3780000   5.1950000  18.4240000  12.1710000
   5.3270000  18.5330000  11.0860000   5.6170000  17.4900000  12.4940000
   3.6640000  18.3850000  12.4820000   3.5270000  18.2770000  13.5680000
   3.2360000  19.3150000  12.1550000   2.9010000  17.2290000  11.7620000
   2.9560000  17.3720000  10.6740000   3.3660000  16.2970000  12.0240000
   1.4520000  17.1880000  12.1920000   1.3960000  17.0490000  13.2200000
   1.0100000  18.0660000  11.9440000   0.9590000  16.4180000  11.7070000
   8.2220000  20.6150000  13.4440000   9.0940000  20.5070000  14.3410000
   7.4980000  21.6330000  13.3010000   6.6590000  21.5400000  12.7340000
   8.1470000  22.9290000  13.3670000   9.0700000  22.8160000  13.9140000
   8.4640000  23.4860000  11.9620000   7.5450000  23.5850000  11.4030000
   8.9170000  24.4570000  12.0750000   9.4220000  22.5670000  11.1800000
  10.3790000  22.5250000  11.6800000   9.0140000  21.5730000  11.1130000
   9.5820000  23.1500000   9.7790000  10.2580000  22.5700000   8.9170000
   8.9290000  24.3330000   9.5390000   8.9930000  24.7720000   8.6240000
   8.3810000  24.7730000  10.2760000   7.2750000  23.9470000  14.0980000
   6.1290000  23.6500000  14.4320000   7.7490000  25.0410000  14.7520000
   8.6770000  25.2870000  14.4210000   7.0770000  25.9080000  15.7010000
   6.2690000  25.3580000  16.1530000   8.0180000  26.4050000  16.8250000
   8.4610000  25.5500000  17.3080000   8.7950000  27.0080000  16.3800000
   7.2970000  27.2440000  17.8990000   6.7650000  28.0190000  17.3820000
   6.2460000  26.3900000  18.6440000   5.4970000  26.0140000  17.9210000
   6.7460000  25.5390000  19.1390000   5.7410000  27.0070000  19.4070000
   8.2970000  27.9320000  18.8580000   8.9050000  27.1680000  19.3740000
   8.9620000  28.6010000  18.2790000   7.7410000  28.5190000  19.6080000
   6.5030000  27.1190000  15.0240000   7.2110000  27.8790000  14.3510000
   5.2400000  27.5290000  15.2030000   4.6170000  26.8910000  15.7180000
   4.7240000  28.7250000  14.5850000   5.5350000  29.2120000  14.0400000
   3.5400000  28.4790000  13.5860000   2.7880000  27.8550000  14.0770000
   3.1040000  29.4280000  13.3160000   4.0020000  27.7860000  12.2850000
   4.7580000  28.3990000  11.7840000   4.4220000  26.8260000  12.5380000
   2.7810000  27.5930000  11.3470000   1.6350000  27.9480000  11.7640000
   2.9840000  27.0900000  10.1930000   4.2730000  29.6470000  15.6800000
   3.8820000  29.2150000  16.7920000   4.2120000  31.0830000  15.4590000
   4.5020000  31.3950000  14.5290000   3.8360000  32.0780000  16.4330000
   4.2760000  31.8670000  17.3990000   4.1990000  33.5150000  15.9680000
   3.7450000  33.7130000  15.0020000   3.8440000  34.2280000  16.6950000
   5.7240000  33.6220000  15.8540000   6.4130000  32.6960000  16.3700000
   6.2170000  34.6340000  15.2550000   2.3380000  31.9860000  16.5020000
   1.7670000  30.9890000  16.0550000   1.8680000  33.1160000  17.0880000
   2.3820000  33.7740000  17.6840000   0.4250000  33.2260000  16.9410000
   0.1470000  34.2420000  17.1610000   0.1490000  32.9930000  15.9120000
  -0.3350000  32.2900000  17.8750000  -1.4970000  32.5470000  18.2080000
   0.4070000  31.1960000  18.3270000   1.3810000  31.0250000  18.0770000
  -0.3280000  30.2520000  19.1820000  -1.2780000  30.6640000  19.4720000
  -0.5610000  28.8550000  18.5360000   0.4080000  28.4510000  18.2840000
  -1.0580000  28.2070000  19.2700000  -1.4330000  28.8950000  17.2360000
  -0.8320000  29.3230000  16.4230000  -1.7350000  27.8800000  16.9800000
  -2.7110000  29.7280000  17.3830000  -2.4400000  30.7330000  17.7020000
  -3.2450000  29.7700000  16.4240000  -3.5830000  29.0540000  18.4370000
  -3.4390000  29.2650000  19.4370000  -4.5760000  28.1500000  18.0510000
  -4.7860000  27.8810000  16.6970000  -4.2060000  28.3490000  15.9810000
  -5.5230000  27.2130000  16.4110000  -5.3620000  27.5190000  19.0210000
  -5.2070000  27.7210000  20.0220000  -6.0990000  26.8520000  18.7370000
   0.5490000  30.0760000  20.4050000   1.6890000  30.5870000  20.3990000
   0.1570000  29.4720000  21.4630000  -0.7890000  29.0830000  21.4910000
   1.0390000  29.3500000  22.6150000   1.6230000  30.2570000  22.7070000
   0.3160000  29.0930000  23.9290000  -0.4540000  29.8270000  24.0480000
  -0.3420000  27.6850000  23.8950000  -1.0670000  27.6290000  23.0480000
   0.4440000  26.9250000  23.7560000  -0.8730000  27.4920000  24.8560000
   1.2390000  29.1950000  25.0300000   0.7690000  29.0290000  25.8650000
   1.9750000  28.2090000  22.3730000   1.6500000  27.2730000  21.6250000
   3.2030000  28.2830000  23.0220000   3.4110000  29.0870000  23.6050000
   4.2070000  27.2720000  22.8520000   4.4140000  27.1460000  21.8010000
   5.5210000  27.6050000  23.6060000   5.9060000  28.5420000  23.2310000
   5.2980000  27.6990000  24.6600000   6.6160000  26.5360000  23.4400000
   6.1590000  25.5890000  23.6740000   7.1010000  26.4570000  21.9730000
   6.2460000  26.1940000  21.3130000   7.5210000  27.4350000  21.6640000
   7.8820000  25.6850000  21.8890000   7.7730000  26.7460000  24.4500000
   8.2350000  27.7400000  24.2880000   7.3780000  26.6810000  25.4860000
   8.5360000  25.9650000  24.3030000   3.6760000  25.9840000  23.4260000
   3.8150000  24.9170000  22.8260000   2.9960000  26.0600000  24.4950000
   2.8670000  26.9700000  24.9210000   2.4510000  24.8960000  25.1700000
   3.2430000  24.1990000  25.3660000   1.7640000  25.2600000  26.5080000
   2.4950000  25.7020000  27.1810000   0.9750000  25.9660000  26.3110000
   1.2040000  24.0900000  27.1180000   0.7760000  24.3250000  27.9540000
   1.3970000  24.2440000  24.2940000   1.2060000  23.0220000  24.3380000
   0.5960000  24.9830000  23.4470000   0.8230000  25.9780000  23.4530000
  -0.4580000  24.4940000  22.5550000  -1.2160000  23.9720000  23.1410000
  -1.1160000  25.6370000  21.7390000  -1.4720000  26.3860000  22.4280000
  -0.3820000  26.0840000  21.0630000  -2.3050000  25.0750000  20.9100000
  -2.6630000  23.8620000  21.0820000  -2.8670000  25.8560000  20.0760000
   0.1330000  23.5540000  21.5440000  -0.4950000  22.5280000  21.2050000
   1.3350000  23.7660000  21.1220000   1.8170000  24.6060000  21.4420000
   1.9590000  22.9630000  20.1020000   1.2290000  22.7240000  19.3370000
   3.1860000  23.6440000  19.4340000   3.8790000  23.9800000  20.2000000
   3.6780000  22.9430000  18.7830000   2.7180000  24.8160000  18.6240000
   2.4940000  26.0370000  19.2270000   2.6560000  26.1500000  20.3070000
   2.0650000  27.1130000  18.4700000   1.8880000  28.0700000  18.9540000
   1.8610000  26.9770000  17.0990000   1.4230000  28.0820000  16.3210000
   1.3320000  27.8180000  15.3910000   2.0850000  25.7620000  16.4890000
   1.9240000  25.6500000  15.4100000   2.5130000  24.6890000  17.2510000
   2.6910000  23.7320000  16.7650000   2.4380000  21.6880000  20.7350000
   2.8730000  21.6690000  21.9030000   2.4270000  20.5160000  19.8510000
   2.1130000  20.5350000  18.8700000   2.8540000  19.2950000  20.4750000
   2.4970000  19.2660000  21.5060000   2.3520000  18.0160000  19.7330000
   1.3130000  18.1190000  19.4300000   2.9660000  17.8390000  18.8490000
   2.4830000  16.8590000  20.7390000   2.9570000  17.0600000  21.8840000
   2.0610000  15.6230000  20.3110000   2.1290000  14.8240000  20.9410000
   1.6790000  15.5030000  19.3620000   4.3710000  19.2930000  20.4810000
   5.0140000  18.6120000  19.6680000   5.0240000  20.0860000  21.4830000
   4.4820000  20.6710000  22.1100000   6.4650000  20.0940000  21.5850000
   6.9080000  20.1610000  20.5990000   7.0320000  21.1740000  22.4870000
   8.1100000  21.1110000  22.4640000   6.6310000  22.5400000  21.8920000
   7.0480000  22.6420000  20.8630000   5.5220000  22.6050000  21.8490000
   7.0360000  23.3480000  22.5360000   6.5680000  20.9630000  23.9630000
   6.8890000  19.9890000  24.2870000   7.0470000  21.7160000  24.5780000
   5.0410000  21.0500000  24.1710000   4.6910000  22.0480000  23.8570000
   4.5290000  20.2760000  23.5580000   4.8030000  20.8890000  25.2490000
   6.7900000  18.7840000  22.2230000   5.9910000  18.2770000  23.0360000
   7.9650000  18.1660000  21.8240000   8.5870000  18.5810000  21.1240000
   8.2950000  16.9150000  22.4560000   7.5200000  16.1920000  22.2330000
   9.6840000  16.3550000  22.0410000  10.4400000  17.1150000  22.2110000
   9.8960000  15.5020000  22.6670000   9.7560000  15.9220000  20.5530000
   9.0210000  15.1480000  20.3600000   9.5620000  16.7630000  19.9030000
  11.1750000  15.3970000  20.2930000  12.1110000  16.1650000  19.9980000
  11.3440000  14.0520000  20.4100000  12.2660000  13.6490000  20.2510000
  10.5480000  13.4570000  20.6570000   8.3270000  17.1720000  23.9460000
   9.1460000  17.9620000  24.4540000   7.4550000  16.4950000  24.6240000
   6.8440000  15.8090000  24.1720000   7.3530000  16.7380000  26.0520000
   7.1920000  17.7860000  26.2100000   6.2090000  15.9400000  26.7550000
   6.3710000  14.8910000  26.5890000   6.2450000  16.1460000  27.8240000
   4.8020000  16.2960000  26.2210000   4.7370000  16.0070000  25.1730000
   4.0580000  15.7460000  26.7980000   4.4910000  17.7910000  26.3260000
   5.2630000  18.3410000  25.7880000   3.5260000  17.9630000  25.8560000
   4.4390000  18.3160000  27.7850000   3.6350000  17.8130000  28.3230000
   5.3860000  18.1220000  28.2800000   4.1930000  19.7770000  27.7780000
   4.9530000  20.2540000  27.2710000   3.2970000  19.9610000  27.3110000
   4.1590000  20.1160000  28.7480000   8.6550000  16.3620000  26.7030000
   9.0980000  15.2180000  26.6140000   9.3420000  17.4890000  27.3930000
   8.9410000  18.4160000  27.3810000  10.5930000  17.2790000  28.0870000
  10.4580000  16.5420000  28.8660000  11.7580000  16.8690000  27.1490000
  12.6370000  16.6810000  27.7590000  11.4670000  15.9680000  26.6300000
  12.1240000  17.9320000  26.0900000  11.2640000  18.1300000  25.4560000
  12.4350000  18.8400000  26.5840000  13.2800000  17.3940000  25.2390000
  13.1000000  16.3030000  24.6260000  14.3620000  18.0730000  25.1920000
  10.9690000  18.5930000  28.7040000  10.3490000  19.6150000  28.4110000
  12.0510000  18.6370000  29.5720000  12.4810000  17.7640000  29.8550000
  12.5260000  19.8860000  30.1040000  12.1880000  20.6920000  29.4740000
  12.0880000  20.1330000  31.5670000  11.0070000  20.1370000  31.6200000
  12.4740000  19.3490000  32.2010000  12.5970000  21.3850000  32.0190000
  12.3190000  21.5300000  32.9330000  14.0250000  19.8350000  30.0910000
  14.6140000  18.8350000  30.5060000  14.8100000  21.0300000  29.5890000
  15.8260000  21.0240000  29.5720000  14.1290000  22.1840000  29.0750000
  13.3020000  22.4350000  29.7140000  15.0580000  23.3640000  28.9280000
  15.4790000  23.6070000  29.8890000  16.1960000  22.9830000  27.9550000
  16.7500000  22.1210000  28.3650000  15.7650000  22.7180000  26.9700000
  16.8880000  23.8380000  27.8340000  14.3540000  24.4890000  28.4170000
  14.9640000  25.2320000  28.3290000  13.6330000  21.8450000  27.7000000
  14.0590000  20.8580000  27.1000000  12.6490000  22.5600000  27.1840000
  12.2500000  23.2940000  27.7550000  12.1990000  22.3700000  25.8250000
  12.0140000  21.3300000  25.6320000  10.9520000  23.2040000  25.4640000
  11.1860000  24.2400000  25.6340000  10.7270000  23.0530000  24.4170000
   9.6910000  22.8360000  26.2940000   9.9140000  23.0630000  27.3250000
   8.4830000  23.7000000  25.8840000   8.7260000  24.7640000  26.0570000
   8.2580000  23.5420000  24.8090000   7.6000000  23.4140000  26.4940000
   9.3830000  21.3240000  26.2200000   9.2060000  21.0360000  25.1630000
  10.2450000  20.7610000  26.6230000   8.4790000  21.0960000  26.8220000
  13.3370000  22.8710000  24.9820000  14.0360000  23.8120000  25.3780000
  13.6000000  22.2690000  23.8320000  13.0110000  21.5040000  23.5220000
  14.7330000  22.7150000  23.0610000  15.2230000  23.5030000  23.6020000
  15.7680000  21.6120000  22.7830000  15.2510000  20.7500000  22.3960000
  16.4730000  21.9700000  22.0480000  16.5210000  21.2150000  24.0270000
  16.0560000  20.3160000  24.9720000  15.1730000  19.8130000  24.9470000
  17.0130000  20.2360000  25.9450000  16.9310000  19.6020000  26.8280000
  18.0570000  21.0190000  25.6910000  17.7450000  21.6350000  24.4830000
  18.3850000  22.3530000  23.9690000  14.2730000  23.2550000  21.7380000
  13.5400000  22.5950000  20.9910000  14.6770000  24.4880000  21.3730000
  15.2420000  25.0050000  22.0360000  14.3170000  25.1050000  20.1270000
  13.9300000  24.3610000  19.4580000  13.2920000  26.2440000  20.2670000
  13.6720000  26.9570000  20.9780000  13.1760000  26.7190000  19.3080000
  11.9050000  25.7600000  20.7480000  11.6070000  24.9630000  20.0950000
  11.9740000  25.1740000  22.1710000  12.6660000  24.3160000  22.1810000
  12.3380000  25.9460000  22.8700000  10.9690000  24.8390000  22.4810000
  10.8440000  26.8650000  20.6120000  11.1430000  27.7350000  21.2220000
  10.7620000  27.1680000  19.5540000   9.8680000  26.4850000  20.9640000
  15.5720000  25.6850000  19.5570000  16.4260000  26.1820000  20.2940000
  15.8590000  25.5540000  17.9940000  15.1510000  25.0930000  17.4370000
  16.9830000  26.1900000  17.3670000  17.6830000  26.4950000  18.1190000
  17.6820000  25.3170000  16.3570000  17.9900000  24.4110000  16.8420000
  16.6860000  24.9580000  15.2390000  15.8270000  24.4170000  15.6730000
  16.3340000  25.8850000  14.7540000  17.1860000  24.3180000  14.4900000
  18.9370000  26.0600000  15.8510000  18.6380000  27.0130000  15.3830000
  19.6080000  26.2660000  16.7010000  19.4630000  25.4330000  15.1090000
  16.4880000  27.3970000  16.6430000  15.4870000  27.3430000  15.9300000
  17.2000000  28.4200000  16.6500000  18.0570000  28.5260000  17.1930000
  16.7040000  29.5110000  15.8530000  15.6530000  29.3740000  15.6530000
  16.9510000  30.8930000  16.5020000  16.4600000  30.8950000  17.4610000
  18.0160000  31.0160000  16.6420000  16.4320000  32.1080000  15.6840000
  16.5550000  32.9700000  16.3090000  17.2670000  32.3710000  14.4110000
  18.3220000  32.5730000  14.6940000  17.2220000  31.4830000  13.7580000
  16.8570000  33.2450000  13.8660000  14.9160000  31.9710000  15.3960000
  14.7280000  31.0520000  14.8150000  14.3620000  31.9140000  16.3530000
  14.5700000  32.8490000  14.8130000  17.4800000  29.4320000  14.5800000
  18.6970000  29.6680000  14.5600000  16.7070000  29.7630000  13.3590000
  15.7190000  29.4400000  13.2830000  17.5660000  29.8380000  12.1900000
  18.4320000  30.4950000  12.3780000  18.0650000  28.4150000  11.7030000
  17.1790000  27.7800000  11.5160000  18.6400000  28.5480000  10.7900000
  18.9820000  27.6780000  12.7080000  19.9100000  28.2710000  12.8300000
  18.4400000  27.6240000  13.6470000  19.3810000  26.2140000  12.2780000
  19.9730000  25.7320000  13.0470000  18.4700000  25.6150000  12.0930000
  20.2220000  26.3240000  11.0280000  19.7700000  26.2150000  10.1270000
  21.6060000  26.5720000  11.1030000  22.2160000  26.7240000  12.3220000
  21.6420000  26.6540000  13.1690000  23.2400000  26.9070000  12.3770000
  22.3810000  26.6650000   9.9590000  21.9300000  26.5510000   9.0570000
  23.4050000  26.8480000  10.0130000  16.7220000  30.4180000  11.0910000
  15.4550000  30.4240000  11.1610000  16.9340000  31.2870000   9.6240000
  18.0340000  31.5910000   9.4760000  15.8150000  31.5170000   8.5480000
  14.7860000  31.9140000   8.9500000  16.3110000  32.6360000   7.3780000
  17.3740000  32.2610000   7.0160000  15.4530000  32.6370000   6.5760000
  16.5250000  34.2690000   7.8000000  16.8720000  34.9460000   6.9200000
  15.0090000  34.9200000   8.2270000  14.1720000  34.9300000   7.3710000
  14.5710000  34.2120000   9.0930000  15.2000000  36.0860000   8.5220000
  17.8130000  34.3710000   8.8840000  17.5350000  33.6320000   9.7890000
  18.8930000  34.0030000   8.4780000  17.9330000  35.5510000   9.1610000
  15.5070000  30.0190000   7.9910000  16.5240000  29.0800000   7.9320000
  14.5020000  30.5600000   7.5230000  13.4250000  31.2670000   7.7990000
  14.4000000  29.1480000   6.5480000  15.6820000  28.7610000   6.1610000
  13.4070000  27.5510000   7.1340000  13.2750000  26.6250000   6.3090000
  14.1680000  26.9960000   7.8480000  11.5950000  27.9040000   7.8630000
  11.2640000  26.8520000   8.5230000  11.6560000  29.0990000   8.4580000
  10.1420000  28.0700000   6.9510000  10.3300000  29.2200000   6.3730000
  10.1140000  26.9470000   6.2710000   8.4940000  28.1920000   7.8670000
   8.5250000  28.4490000   8.8730000   6.9440000  27.9580000   7.3520000
   6.8960000  27.6260000   5.9920000   8.0090000  27.5540000   5.3660000
   5.7480000  27.4530000   5.6110000   5.4420000  28.0560000   8.2000000
   5.4790000  28.3020000   9.2070000   4.2940000  27.8840000   7.8210000
  13.5270000  29.8680000   5.4250000  13.7630000  31.3950000   5.1220000
  11.8770000  29.0190000   4.6240000  11.5430000  27.6480000   4.1780000
  11.5950000  30.3600000   3.8450000  10.2430000  30.5040000   4.3190000
  12.4140000  31.6720000   4.1660000  12.0520000  29.7040000   1.9140000
  12.3860000  28.1470000   1.2480000  20.9980000  35.0070000  -0.9520000
  22.5390000  36.0340000   1.2630000  23.4220000  36.2230000  -5.2670000
  27.1060000  37.1860000  -4.0680000  21.5410000  34.8240000  -6.8960000
  23.3430000  38.1570000  -9.2320000  21.4610000  37.9640000 -13.7170000
  25.1910000  39.8550000  -7.8170000
