
  1231
   8.5540000  26.8100000  31.2630000   8.9510000  27.5890000  31.7990000
   8.5170000  27.0620000  30.2710000   7.6150000  26.6100000  31.5930000
   9.4010000  25.5990000  31.4440000   9.4410000  25.3280000  32.4900000
   8.8330000  24.4100000  30.6150000   9.3310000  23.5020000  30.9300000
   7.7810000  24.3220000  30.8120000   9.0250000  24.5850000  29.0940000
  10.0740000  24.7320000  28.9130000   8.6910000  23.6750000  28.6060000
   8.1250000  25.9980000  28.3430000   6.5150000  25.1360000  28.2880000
   6.5930000  24.2210000  27.6630000   6.2210000  24.8510000  29.3190000
   5.7540000  25.8150000  27.8500000  10.7760000  25.9040000  30.9560000
  11.0500000  27.0140000  30.4650000  11.6810000  25.0150000  31.1250000
  11.4570000  24.1040000  31.5370000  12.9960000  25.3260000  30.6580000
  13.2670000  26.3290000  30.9670000  14.0670000  24.3230000  31.1580000
  14.0750000  24.3290000  32.2440000  13.8000000  23.3310000  30.8030000
  15.4830000  24.6550000  30.6700000  15.5200000  24.5910000  29.5870000
  15.7650000  25.6570000  30.9850000  16.4280000  23.6220000  31.3010000
  17.6380000  23.6610000  31.0820000  15.8600000  22.6710000  32.1190000
  16.4370000  21.9610000  32.5680000  14.8610000  22.6760000  32.2760000
  12.9150000  25.2690000  29.1550000  12.4600000  24.2640000  28.5730000
  13.3630000  26.3870000  28.5120000  13.7100000  27.2200000  28.9820000
  13.3130000  26.3380000  27.0750000  13.0420000  25.3450000  26.7560000
  12.3680000  27.3500000  26.4540000  11.4970000  27.4050000  27.0750000
  13.0620000  28.7350000  26.4760000  13.2950000  29.0160000  27.5220000
  13.9950000  28.6880000  25.8930000  12.3920000  29.4920000  26.0280000
  11.9150000  26.9350000  25.0270000  11.5010000  25.9390000  25.0840000
  11.1540000  27.6240000  24.7020000  13.0190000  26.9310000  23.9680000
  13.4520000  27.9480000  23.8780000  13.8070000  26.2190000  24.2700000
  12.5950000  26.6220000  22.9910000  14.6920000  26.6580000  26.6170000
  15.3860000  27.4870000  27.2210000  15.0890000  25.9460000  25.6000000
  14.5790000  25.1880000  25.1470000  16.3990000  26.3130000  25.1380000
  16.8540000  27.0370000  25.7990000  17.3020000  25.0680000  24.9690000
  17.3070000  24.5150000  25.8980000  16.9050000  24.4430000  24.1790000
  18.7070000  25.4720000  24.6190000  19.0880000  25.6760000  23.3010000
  18.3620000  25.5490000  22.4970000  20.3890000  26.0420000  23.0000000
  20.6810000  26.2010000  21.9570000  21.3230000  26.2070000  24.0050000
  22.3460000  26.4980000  23.7580000  20.9510000  26.0020000  25.3220000
  21.6780000  26.1280000  26.1260000  19.6510000  25.6350000  25.6170000
  19.3630000  25.4700000  26.6600000  16.2040000  26.8900000  23.7610000
  15.8220000  26.1690000  22.8250000  16.5760000  28.3520000  23.5410000
  16.8250000  28.9520000  24.3180000  16.5060000  28.8970000  22.2140000
  15.9710000  28.2340000  21.5620000  15.9260000  30.2800000  22.1530000
  16.4960000  30.9230000  22.7970000  16.0480000  30.7970000  20.7040000
  17.1100000  30.8240000  20.4100000  15.4940000  30.1240000  20.0260000
  15.6270000  31.8130000  20.6380000  14.4770000  30.2230000  22.6700000
  13.8850000  29.5380000  22.0360000  14.4710000  29.8580000  23.7130000
  14.0360000  31.2320000  22.6310000  17.9300000  28.9920000  21.8090000
  18.6850000  29.8090000  22.3460000  18.3000000  28.2030000  20.9020000
  17.6940000  27.5750000  20.3790000  19.7200000  28.1910000  20.6950000
  20.2050000  28.5320000  21.5970000  20.2780000  26.8000000  20.3250000
  20.0220000  26.1160000  21.1140000  19.8170000  26.4750000  19.4020000
  21.8090000  26.7910000  20.1400000  22.0460000  27.3200000  19.2330000
  22.2570000  27.2980000  20.9830000  22.4170000  25.3860000  20.0390000
  23.4300000  25.4230000  20.4150000  21.8280000  24.7230000  20.6480000
  22.4480000  24.8310000  18.6010000  22.7960000  23.8140000  18.6140000
  21.4530000  24.8660000  18.1810000  23.3710000  25.6480000  17.7690000
  23.0430000  26.6090000  17.7560000  24.3130000  25.6160000  18.1660000
  23.3910000  25.2770000  16.8160000  20.1130000  29.0830000  19.5770000
  20.0520000  28.7130000  18.3940000  20.5500000  30.4490000  19.8620000
  20.3660000  30.8320000  20.7840000  21.2480000  31.2360000  18.9110000
  21.1430000  30.8570000  17.9090000  20.9610000  32.7140000  18.9990000
  21.5330000  33.2220000  18.2500000  19.4580000  32.9630000  18.7380000
  19.1930000  32.5930000  17.7290000  18.8620000  32.4290000  19.4960000
  19.2450000  34.0440000  18.8020000  21.3290000  33.2110000  20.2860000
  21.1420000  34.1550000  20.3320000  22.6100000  31.0100000  19.4610000
  22.7900000  30.1110000  20.2840000  23.6060000  31.7930000  19.0800000
  23.5200000  32.5290000  18.3920000  24.8280000  31.4990000  19.7860000
  25.0450000  30.4520000  19.6740000  26.0410000  32.3060000  19.2710000
  25.8040000  33.3550000  19.3530000  26.9010000  32.0840000  19.8910000
  26.4040000  31.9810000  17.7930000  26.5060000  30.9150000  17.7140000
  25.2540000  32.3910000  16.8350000  24.3290000  31.8400000  17.0970000
  25.0690000  33.4770000  16.9320000  25.5420000  32.1470000  15.7890000
  27.7760000  32.5840000  17.4050000  27.7380000  33.6810000  17.5330000
  28.5710000  32.1690000  18.0580000  28.0010000  32.3320000  16.3460000
  24.6560000  31.8250000  21.2690000  25.0040000  31.0120000  22.1290000
  24.1880000  33.0700000  21.4840000  23.7990000  33.5980000  20.7030000
  24.1720000  33.6880000  22.8110000  25.1750000  33.5830000  23.1980000
  23.8970000  35.1700000  22.7430000  24.5780000  35.6130000  22.0410000
  22.4410000  35.4050000  22.2540000  22.3130000  34.9560000  21.2440000
  21.7360000  34.9390000  22.9650000  22.2330000  36.4910000  22.2020000
  24.0920000  35.7620000  24.0350000  23.9150000  36.7090000  23.9840000
  23.2530000  33.1340000  23.8930000  23.7580000  32.7600000  24.9660000
  22.0950000  32.5820000  23.8050000  21.6010000  32.8460000  22.9630000
  21.4120000  32.0230000  24.9670000  21.7300000  31.0040000  25.0910000
  21.6870000  32.5980000  25.8360000  19.8940000  32.0420000  24.8330000
  19.3730000  32.2400000  23.7350000  19.3650000  31.4410000  26.1350000
  19.8310000  31.2640000  27.0190000  17.9050000  31.4750000  26.1030000
  17.5880000  32.3780000  25.6150000  17.3500000  30.2650000  25.3330000
  16.3040000  30.1520000  25.5630000  17.4660000  30.4430000  24.2740000
  18.0790000  28.9580000  25.7090000  17.6810000  28.1640000  25.0960000
  19.1260000  29.0900000  25.4980000  17.9340000  28.5440000  27.1870000
  18.1640000  29.4020000  27.7970000  16.9120000  28.2450000  27.3500000
  18.8360000  27.3920000  27.6360000  18.6140000  26.5180000  27.0440000
  19.8650000  27.6760000  27.4940000  18.6050000  27.0850000  29.0710000
  18.8160000  27.9100000  29.6320000  17.6330000  26.8160000  29.2070000
  19.2080000  26.3210000  29.3600000  17.2590000  31.3880000  27.4920000
  17.9500000  31.1300000  28.4840000  16.0260000  31.6110000  27.4480000
  15.5390000  31.9590000  26.6310000  15.2370000  31.4370000  28.6690000
  15.2270000  30.3970000  28.9360000  15.7600000  32.2350000  29.8320000
  16.8070000  32.0430000  29.9520000  15.5500000  33.7300000  29.5340000
  16.0950000  34.0040000  28.6160000  14.4750000  33.9280000  29.3930000
  15.9290000  34.3300000  30.3790000  15.0790000  31.8670000  31.0240000
  15.4210000  32.3840000  31.7600000  13.8020000  31.8980000  28.4110000
  13.6160000  32.9130000  27.7400000  12.8240000  30.8980000  29.1620000
  12.9690000  30.0240000  29.6620000  11.4740000  31.4140000  28.9380000
  11.5130000  32.4910000  28.9780000  10.8330000  31.0110000  27.6280000
   9.9020000  31.5360000  27.5420000  11.7400000  31.4860000  26.4760000
  11.8540000  32.5890000  26.5210000  12.7300000  31.0090000  26.5770000
  11.2880000  31.2000000  25.5050000  10.5290000  29.4940000  27.6140000
  11.4560000  28.9610000  27.5130000  10.0700000  29.2290000  28.5530000
   9.5950000  29.0650000  26.4700000   8.6330000  29.5950000  26.5630000
  10.0560000  29.3200000  25.4970000   9.4240000  27.9700000  26.5230000
  10.4990000  30.9320000  29.9870000  10.7830000  30.0250000  30.7790000
   9.3520000  31.4540000  30.0660000   9.2090000  32.2490000  29.4390000
   8.2840000  31.0740000  30.9610000   8.6860000  30.4580000  31.7580000
   7.5630000  32.2530000  31.5640000   8.2790000  32.9400000  31.9950000
   6.7690000  32.9790000  30.4390000   7.4640000  33.3370000  29.6580000
   6.0410000  32.2710000  29.9840000   6.2330000  33.8490000  30.8700000
   6.6820000  31.7970000  32.5880000   6.2240000  32.5590000  32.9690000
   7.2640000  30.2650000  30.1760000   7.2570000  30.2530000  28.9330000
   6.3450000  29.5340000  30.9350000   6.3820000  29.6070000  31.9550000
   5.3260000  28.6770000  30.3400000   5.7940000  27.9860000  29.6610000
   4.5450000  27.8550000  31.3980000   4.1020000  28.5500000  32.0960000
   3.7680000  27.2940000  30.8860000   5.4220000  26.8500000  32.2050000
   5.9610000  26.2650000  31.4830000   6.4710000  27.5930000  33.0850000
   7.1270000  28.2070000  32.4340000   5.9600000  28.2590000  33.8050000
   7.0780000  26.8450000  33.6470000   4.5600000  25.8520000  33.0210000
   3.9390000  26.4200000  33.7370000   3.9060000  25.2720000  32.3260000
   5.2170000  25.1510000  33.5840000   4.3170000  29.4940000  29.5600000
   3.8490000  29.0790000  28.4790000   3.9840000  30.6760000  30.0740000
   4.4770000  30.9910000  30.9160000   2.9550000  31.5310000  29.5080000
   2.0520000  30.9450000  29.4170000   2.6640000  32.7760000  30.3950000
   1.8760000  33.3490000  29.9150000   2.3320000  32.4210000  31.3620000
   3.8660000  33.7210000  30.6250000   4.6660000  33.1800000  31.1210000
   4.2090000  34.1100000  29.6750000   3.3990000  34.8820000  31.5150000
   2.9540000  34.5910000  32.6690000   3.4750000  36.0720000  31.0520000
   3.3300000  32.0140000  28.1260000   2.4560000  32.2780000  27.2770000
   4.6370000  32.1660000  27.8220000   5.3240000  31.8730000  28.5150000
   5.0880000  32.7130000  26.5650000   4.7680000  33.7430000  26.5150000
   6.5860000  32.6980000  26.4150000   7.0330000  33.1560000  27.2850000
   7.0560000  31.2230000  26.3320000   6.7720000  30.6850000  27.2580000
   6.5780000  30.7310000  25.4570000   8.1530000  31.1960000  26.2210000
   6.9490000  33.5410000  25.1670000   6.4660000  33.1000000  24.2690000
   6.5970000  34.5850000  25.3030000   8.0450000  33.5430000  25.0390000
   4.4960000  31.9900000  25.3750000   4.1810000  30.7890000  25.4200000
   4.3300000  32.7420000  24.2530000   4.5940000  33.7250000  24.3170000
   3.7970000  32.2730000  22.9930000   3.4560000  31.2520000  23.0840000
   2.6640000  33.1770000  22.4490000   2.2690000  32.7290000  21.5460000
   1.8900000  33.2240000  23.1900000   3.1120000  34.6160000  22.1250000
   3.4930000  35.0980000  23.0170000   3.8790000  34.6000000  21.3740000
   1.8880000  35.3730000  21.5960000   0.7560000  34.8180000  21.7170000
   2.0650000  36.5150000  21.0660000   4.9280000  32.3600000  22.0080000
   5.8780000  33.1210000  22.2360000   4.9290000  31.5600000  20.8830000
   4.5290000  30.1550000  21.0140000   3.4640000  30.0530000  20.8780000
   4.8110000  29.7730000  21.9850000   5.2770000  29.3940000  19.9020000
   4.5970000  28.7670000  19.3420000   6.0620000  28.7860000  20.3260000
   5.8660000  30.5050000  18.9980000   5.1870000  30.7630000  18.1970000
   6.8120000  30.2060000  18.5860000   6.0370000  31.6640000  19.9820000
   6.9090000  31.4280000  20.5700000   6.3010000  33.0260000  19.3900000
   7.4710000  33.3410000  19.1570000   5.0980000  33.7700000  19.1620000
   4.1510000  33.4810000  19.3720000   5.3700000  35.0800000  18.6160000
   5.8990000  34.9780000  17.6900000   4.0870000  35.9090000  18.3830000
   3.4440000  35.3850000  17.6900000   3.5790000  36.0370000  19.3210000
   4.4120000  37.1920000  17.8460000   3.6050000  37.7000000  17.7050000
   6.2200000  35.8290000  19.6060000   7.1570000  36.5420000  19.2360000
   5.8720000  35.7060000  21.0060000   5.1160000  35.0930000  21.2840000
   6.6300000  36.4110000  22.0160000   6.6520000  37.4590000  21.7650000
   6.0360000  36.2520000  23.4300000   4.9760000  36.4400000  23.3940000
   6.2170000  35.2490000  23.7890000   6.7100000  37.2640000  24.3640000
   7.6250000  37.9950000  23.8930000   6.3170000  37.3190000  25.5640000
   8.0380000  35.8830000  22.0530000   8.9880000  36.6590000  22.2030000
   8.2370000  34.5710000  21.8980000   7.4610000  33.9430000  21.7320000
   9.5680000  34.0450000  22.0470000   9.9900000  34.4390000  22.9510000
   9.6190000  32.5400000  22.1130000   8.9190000  32.1960000  22.8460000
   9.2430000  31.9500000  20.7430000   8.2230000  32.2700000  20.4700000
   9.9530000  32.3080000  19.9820000   9.2810000  30.8480000  20.7940000
  10.9240000  32.1150000  22.4860000  10.9500000  31.1530000  22.5260000
  10.4080000  34.5010000  20.8960000  11.5700000  34.8670000  21.0780000
   9.8030000  34.3720000  19.5530000   8.8430000  34.0670000  19.4810000
  10.5690000  34.6450000  18.3700000  11.4690000  34.0680000  18.4180000
   9.8570000  34.2940000  17.0900000   9.4980000  33.2890000  17.1800000
   8.6410000  35.2140000  16.9210000   7.9570000  35.0780000  17.7750000
   8.9750000  36.2640000  16.8810000   8.1170000  34.9600000  15.9850000
  10.8420000  34.3380000  15.9080000  11.0780000  35.3650000  15.6960000
  11.7360000  33.8170000  16.1900000  10.2860000  33.6950000  14.6350000
  10.0490000  32.6360000  14.8320000   9.3720000  34.2250000  14.3260000
  11.0380000  33.7590000  13.8320000  10.9470000  36.0970000  18.3290000
  12.0970000  36.4380000  18.0500000   9.7070000  37.0730000  18.9860000
   8.8300000  36.7490000  19.3880000   9.9920000  38.4790000  18.9150000
  10.2200000  38.7250000  17.8890000   8.8240000  39.3800000  19.3870000
   9.0980000  40.4000000  19.1970000   7.9440000  39.1290000  18.8080000
   8.4710000  39.2470000  20.8820000   8.0260000  38.2870000  21.0720000
   9.3630000  39.3580000  21.4850000   7.4680000  40.3520000  21.2160000
   6.6680000  40.7260000  20.3040000   7.4940000  40.8430000  22.3870000
  11.1960000  38.8010000  19.7600000  12.0280000  39.6300000  19.3770000
  11.1730000  38.0880000  21.0050000  10.5080000  37.3640000  21.2490000
  12.2570000  38.3990000  21.9050000  12.2210000  39.4430000  22.1390000
  12.2100000  37.5850000  23.2220000  12.0940000  36.5410000  23.0010000
  13.1220000  37.7310000  23.7800000  11.0100000  38.0810000  24.0390000
  10.6170000  39.2470000  23.9470000  10.4110000  37.1760000  24.8670000
   9.6130000  37.4510000  25.4330000  10.7650000  36.2280000  24.9160000
  13.5680000  38.0920000  21.2280000  14.5150000  38.8770000  21.3060000
  13.6650000  36.9150000  20.5330000  12.8700000  36.2830000  20.4790000
  14.9330000  36.5170000  19.9910000  15.6800000  36.5670000  20.7660000
  14.8970000  35.1220000  19.4270000  14.1350000  35.0770000  18.6660000
  16.2610000  34.8300000  18.7730000  16.4490000  35.5610000  17.9610000
  17.0620000  34.9100000  19.5360000  16.2500000  33.8080000  18.3550000
  14.5180000  34.1390000  20.5630000  15.2720000  34.2020000  21.3740000
  13.5240000  34.4010000  20.9630000  14.4870000  33.1090000  20.1660000
  15.3130000  37.4540000  18.8810000  16.4440000  37.9560000  18.8320000
  14.1640000  37.7120000  17.7530000  13.2300000  37.3230000  17.9720000
  14.3680000  38.5150000  16.5430000  15.1600000  38.0810000  15.9540000
  13.0790000  38.6170000  15.6390000  13.3350000  39.1940000  14.7360000
  12.7610000  37.6180000  15.3530000  11.8810000  39.2870000  16.3360000
  11.4640000  38.5970000  17.0850000  12.2560000  40.1800000  16.8350000
  10.7410000  39.6830000  15.3410000  11.1240000  40.4690000  14.6740000
  10.4570000  38.8170000  14.7480000   9.4650000  40.1890000  16.0490000
   8.6760000  40.3380000  15.2990000   9.1270000  39.4530000  16.7930000
   9.7730000  41.4800000  16.7410000  10.5180000  41.3420000  17.4520000
  10.0920000  42.1780000  16.0390000   8.9210000  41.8060000  17.2060000
  14.8060000  39.9090000  16.9280000  15.7370000  40.5000000  16.3120000
  14.0240000  40.4340000  18.2530000  13.3090000  39.8700000  18.7470000
  14.3330000  41.7650000  18.7050000  14.1940000  42.4620000  17.8720000
  13.4410000  42.1840000  19.9120000  12.3560000  42.1520000  19.6050000
  13.6050000  41.4880000  20.7820000  13.7250000  43.2130000  20.2140000
  15.7910000  41.8250000  19.1730000  16.5380000  42.7840000  18.8570000
  16.2090000  40.6050000  20.0160000  15.5290000  39.8520000  20.1670000
  17.4810000  40.5630000  20.6980000  17.6120000  41.4640000  21.2830000
  17.5820000  39.3370000  21.6460000  17.3480000  38.4450000  21.0710000
  18.5970000  39.2870000  22.0200000  16.6270000  39.3920000  22.8610000
  17.0410000  40.0880000  23.5900000  15.6700000  39.7460000  22.5150000
  16.4050000  38.0290000  23.5630000  16.0030000  38.2070000  24.5570000
  15.6890000  37.4530000  22.9770000  17.6870000  37.2040000  23.7140000
  18.5080000  37.8590000  24.0050000  17.5330000  36.4490000  24.4810000
  18.0130000  36.5430000  22.4110000  17.2390000  35.9220000  22.1350000
  18.1600000  37.2550000  21.6840000  18.8620000  36.0000000  22.5220000
  18.6100000  40.4720000  19.6970000  19.5970000  41.2280000  19.8020000
  18.3440000  40.2000000  18.3970000  17.5700000  39.5130000  18.2690000
  19.5030000  40.2490000  17.5260000  20.3540000  40.7090000  18.0620000
  19.8930000  38.8550000  17.0700000  20.7740000  38.9720000  16.4490000
  20.2890000  37.9880000  18.3420000  21.1590000  38.4840000  18.8830000
  19.4120000  37.9010000  19.0250000  20.5800000  36.9590000  18.0300000
  18.7270000  38.2150000  16.1990000  17.8950000  37.9520000  16.8550000
  18.3980000  38.9610000  15.4480000  19.1340000  36.9270000  15.4630000
  19.9810000  37.1790000  14.7760000  19.4640000  36.1430000  16.2190000
  18.2520000  36.5310000  14.8640000  19.1950000  41.0820000  16.2590000
  19.8360000  40.9040000  15.2150000  18.1110000  42.2140000  15.6840000
  17.8920000  42.0410000  16.8040000  17.1500000  43.2520000  14.6920000
  16.1230000  43.4780000  15.3090000  18.0590000  44.7020000  14.1470000
  19.1600000  44.4780000  13.6310000  17.3160000  45.3730000  13.3240000
  18.4790000  45.5370000  15.4200000  19.0760000  44.8370000  16.3330000
  19.2540000  46.4530000  15.0050000  16.9060000  46.0560000  15.9620000
  16.3250000  45.4690000  17.1760000  16.1880000  47.1830000  15.0350000
  15.1380000  47.5720000  15.3350000  16.7040000  47.6320000  14.0450000
  16.5400000  42.6860000  13.3230000  16.7270000  43.4290000  12.0580000
  16.1970000  41.6960000  13.3480000  15.9120000  41.1220000  14.2510000
  15.8710000  41.1680000  12.0100000  16.3140000  41.9410000  11.2250000
  16.5270000  39.6960000  11.8180000  16.2550000  39.4180000  10.7800000
  17.7120000  39.7580000  11.9750000  15.8830000  38.5590000  12.8770000
  15.4440000  38.9800000  13.9880000  15.8240000  37.2670000  12.6000000
  14.2180000  41.1000000  11.7700000  13.4150000  40.3490000  12.5720000
  13.1480000  42.1300000  10.2660000  13.7210000  43.4810000   9.8610000
  11.2100000  41.7530000  10.0210000  10.3710000  41.0790000  11.0020000
  10.1150000  43.6980000   9.5540000  11.0040000  44.4820000   8.6290000
   8.7250000  43.3420000   9.3110000   9.7200000  45.0440000  10.7090000
   8.5250000  44.4320000  11.5100000  11.0350000  45.0420000  11.1540000
   9.1630000  47.2080000  10.2040000  10.3560000  47.8320000   9.4060000
   7.8420000  47.2230000   9.7610000   8.7830000  48.5020000  11.3900000
   8.2970000  49.9700000  10.9870000   7.6470000  47.8450000  12.2240000
  10.6210000  48.6410000  11.9480000  11.0780000  47.2570000  12.3310000
  11.6900000  49.2630000  11.1620000  10.3560000  49.5010000  12.7330000
  11.2110000  40.3560000   8.9580000   9.9750000  39.0430000   9.1930000
  11.6100000  40.4570000   8.2130000  12.6740000  41.0230000   8.0920000
  11.1360000  39.2400000   7.3690000   9.8620000  39.2800000   7.2270000
  11.9160000  39.4170000   5.9610000  13.1940000  39.4560000   6.1020000
  11.5940000  38.4090000   5.4400000  11.3880000  40.9180000   5.0800000
  10.1130000  40.8960000   4.9210000  11.7170000  41.9420000   5.5790000
  12.2230000  40.9720000   3.7170000  11.6340000  40.1620000   2.8270000
  13.4590000  41.8260000   3.5470000  11.5790000  37.6570000   8.0750000
  12.8650000  37.0250000   7.8740000  10.4910000  37.7280000   8.6390000
   9.6010000  38.3990000   8.6050000  10.4460000  36.4090000   9.5390000
  11.4680000  36.3460000  10.1540000   9.5250000  36.4780000  10.1830000
  10.2610000  35.0270000   8.7850000  10.7980000  33.8520000   9.2700000
   9.5230000  34.7930000   6.7730000   9.2820000  35.7430000   6.1980000
   9.2720000  33.3030000   6.1590000   8.5530000  32.7400000   6.7890000
   8.4250000  33.3400000   4.6940000   7.3630000  33.8180000   4.8110000
   9.1490000  34.4600000   3.7660000   9.1480000  35.6190000   4.2240000
  10.2970000  34.0940000   3.6920000   8.5200000  34.4680000   2.7160000
   8.1250000  31.7260000   4.0610000   7.6770000  31.0410000   4.8240000
   7.3210000  31.8370000   3.1560000   9.4700000  30.8820000   3.6210000
   9.9430000  31.5530000   2.8230000  10.3080000  30.7350000   4.5350000
   9.1300000  29.7500000   3.1850000  10.6560000  32.3420000   6.2750000
  10.5240000  30.9720000   6.5170000  11.9830000  32.9870000   5.9860000
  12.2530000  34.3340000   5.1960000  11.8520000  35.2990000   5.6750000
  11.7470000  34.2570000   4.1640000  13.9210000  34.4070000   5.2060000
  14.3980000  35.0130000   6.0780000  14.2350000  34.9260000   4.2770000
  14.3830000  32.7580000   5.3010000  15.4160000  32.6400000   5.8980000
  14.4560000  32.3190000   4.2930000  13.1760000  31.9530000   6.0130000
  12.8080000  31.0350000   5.3770000  13.7060000  31.3090000   7.4050000
  14.2490000  30.0570000   7.4380000  13.7300000  32.4330000   8.7960000
  14.1010000  33.9440000   8.7100000  13.2910000  34.5310000   8.1440000
  15.0680000  34.0910000   8.2250000  14.2540000  34.4280000  10.2070000
  13.2690000  34.7630000  10.5460000  15.0040000  35.2860000  10.3310000
  14.7710000  33.0790000  10.9950000  14.3550000  33.0230000  11.9910000
  15.8930000  33.0740000  11.1100000  14.2220000  31.8250000  10.1110000
  15.1120000  31.1910000   9.9250000  13.2410000  30.8670000  10.8500000
  11.9770000  30.8800000  10.5290000  13.9040000  30.6900000  11.8190000
  14.8480000  30.4060000  12.0490000  12.8190000  30.0240000  12.4920000
  12.0120000  30.7200000  12.6550000  12.3190000  28.7760000  11.7150000
  12.1530000  29.0400000  10.6750000  13.0550000  27.9830000  11.7720000
  11.0130000  28.2910000  12.3430000  10.3860000  29.0840000  13.1180000
  10.6260000  27.1170000  12.0500000  13.3420000  29.5210000  13.8210000
  14.5530000  29.4330000  14.0290000  12.2980000  29.4400000  14.4720000
  11.3250000  29.6560000  14.2960000  12.6510000  28.6620000  15.6290000
  13.7150000  28.6660000  15.7580000  11.9710000  29.1330000  16.9230000
  12.3410000  28.5390000  17.7400000  12.2280000  30.1630000  17.0840000
  10.4430000  29.0120000  16.8870000  10.1620000  28.0270000  16.5620000
  10.0390000  29.1940000  17.8650000   9.9160000  30.0520000  15.9040000
   8.8950000  29.8410000  15.2460000  10.6260000  31.2100000  15.8040000
  10.3220000  31.9370000  15.1680000  11.4590000  31.3440000  16.3650000
  12.1790000  27.2670000  15.3600000  11.0050000  27.0430000  15.0460000
  13.3380000  26.2560000  15.2180000  14.2820000  26.3730000  15.6190000
  12.8390000  24.9520000  14.8570000  11.8210000  25.0560000  14.4700000
  13.7170000  24.2620000  13.7860000  13.7750000  24.9140000  12.9060000
  14.7230000  24.1140000  14.1980000  13.1510000  22.8960000  13.3560000
  13.1160000  22.2150000  14.2160000  12.1410000  23.0180000  12.9450000
  14.0950000  22.3440000  12.2820000  13.9470000  21.1850000  11.8790000
  15.0930000  23.1880000  11.8100000  15.7490000  22.8730000  11.0980000
  15.1770000  24.1310000  12.1730000  12.8030000  24.0530000  16.0910000
  13.6740000  24.1420000  16.9880000  11.7240000  23.3500000  15.9680000
  10.9600000  23.4040000  15.2840000  11.6890000  22.3150000  16.9900000
  12.6960000  21.9940000  17.2180000  11.0020000  22.7520000  18.2970000
  10.9900000  21.9090000  18.9890000  11.5740000  23.5720000  18.7320000
   9.5560000  23.2180000  18.0460000   9.5790000  24.0550000  17.3480000
   8.9940000  22.3930000  17.6080000   8.8220000  23.6670000  19.3100000
   8.5760000  22.8080000  19.9350000   9.4370000  24.3670000  19.8750000
   7.5700000  24.3370000  18.8110000   7.5310000  25.3580000  18.7490000
   6.4750000  23.5750000  18.4370000   6.4750000  22.2070000  18.6510000
   7.2820000  21.7600000  19.0960000   5.6680000  21.6410000  18.3640000
   5.3930000  24.1810000  17.8250000   5.4000000  25.1930000  17.6590000
   4.5830000  23.6180000  17.5370000  10.8980000  21.1600000  16.4240000
  10.2080000  21.2920000  15.3910000  10.9710000  19.9550000  16.9780000
  11.5540000  19.7840000  17.8250000  10.1580000  18.8780000  16.3930000
   9.9500000  19.1140000  15.3400000  10.8090000  17.4540000  16.5220000
  11.0670000  17.2570000  17.5750000  10.0800000  16.6980000  16.1720000
  12.1070000  17.3340000  15.6900000  11.8430000  17.6260000  14.6630000
  13.2280000  18.3420000  16.1870000  12.8590000  19.4020000  16.0820000
  13.4890000  18.1170000  17.2640000  14.1380000  18.2280000  15.5710000
  12.5880000  15.8400000  15.6630000  12.8110000  15.4740000  16.7120000
  11.7810000  15.1880000  15.1980000  13.5150000  15.7870000  15.0630000
   8.8550000  18.8180000  17.1320000   8.8100000  19.0930000  18.3480000
   7.6720000  18.3610000  16.3420000   7.7420000  18.1730000  15.3400000
   6.3820000  18.2090000  16.9610000   6.4470000  18.5570000  17.9870000
   5.2780000  18.9720000  16.1900000   5.3660000  18.7420000  15.1360000
   3.8650000  18.4950000  16.6300000   3.7410000  17.3930000  16.4320000
   3.7580000  18.6820000  17.7220000   3.0850000  19.0680000  16.0520000
   5.5190000  20.5200000  16.3590000   5.4000000  20.7660000  17.4070000
   6.5360000  20.7540000  16.0700000   4.5570000  21.4140000  15.5100000
   4.6720000  21.1870000  14.4270000   3.5060000  21.1990000  15.7990000
   4.7990000  22.5010000  15.6910000   6.1230000  16.7060000  16.9400000
   6.8380000  15.9870000  16.2360000   5.1130000  16.2990000  17.6680000
   4.5930000  16.9380000  18.2650000   4.8710000  14.8520000  17.7270000
   5.7590000  14.3390000  18.1030000   3.6410000  14.4410000  18.5720000
   2.8130000  15.1180000  18.3410000   3.3500000  13.4090000  18.3300000
   3.9970000  14.5310000  20.0410000   4.0000000  15.7650000  20.7040000
   3.7440000  16.6950000  20.1580000   4.3290000  15.8210000  22.0620000
   4.3380000  16.8000000  22.5770000   4.6460000  14.6510000  22.7730000
   4.8980000  14.7040000  23.8440000   4.6420000  13.4150000  22.1180000
   4.8970000  12.4860000  22.6660000   4.3130000  13.3630000  20.7610000
   4.3010000  12.3830000  20.2480000   4.5420000  14.3880000  16.3210000
   5.1770000  13.4440000  15.8170000   3.5220000  15.0850000  15.5280000
   3.0170000  15.8460000  15.9860000   3.2310000  14.7970000  14.1200000
   2.9940000  13.7210000  14.0020000   2.0570000  15.6690000  13.5070000
   1.1230000  15.4540000  14.0670000   2.3250000  16.7740000  13.5870000
   1.8820000  15.4020000  12.4290000   4.4820000  15.1560000  13.3590000
   4.8830000  14.4080000  12.4530000   5.2320000  16.2350000  13.8250000
   4.8450000  16.7860000  14.5810000   6.4180000  16.7480000  13.1660000
   7.1920000  17.0100000  13.9050000   6.8000000  15.9930000  12.4970000
   5.9940000  17.9980000  12.3780000   5.3240000  17.9010000  11.3170000
   6.3180000  19.0950000  12.9830000   6.8730000  19.0730000  13.8680000
   6.0440000  20.4100000  12.3240000   6.2040000  20.3280000  11.2590000
   4.5810000  20.9320000  12.5280000   4.4020000  20.9420000  13.5980000
   4.5060000  21.9650000  12.1120000   3.4700000  20.0250000  11.8380000
   3.4900000  20.2220000  10.7620000   3.7100000  18.9600000  12.0530000
   2.0120000  20.2820000  12.3020000   1.9870000  20.0870000  13.3780000
   1.7650000  21.3440000  12.0830000   0.9220000  19.3580000  11.6000000
   0.8760000  19.6060000  10.5320000   1.1970000  18.2920000  11.7510000
  -0.4410000  19.5820000  12.1730000  -0.4020000  19.3460000  13.1820000
  -0.7050000  20.5870000  12.0290000  -1.1530000  18.9650000  11.6990000
   7.0590000  21.4450000  12.9110000   7.9910000  21.0540000  13.6960000
   6.7930000  22.5170000  12.8960000   5.9510000  22.5920000  12.3330000
   7.6280000  23.6960000  13.0550000   8.5230000  23.4080000  13.5810000
   8.0410000  24.3220000  11.7020000   7.1470000  24.5980000  11.1620000
   8.6330000  25.2040000  11.8850000   8.8680000  23.3500000  10.8500000
   9.8070000  23.1300000  11.3350000   8.3170000  22.4340000  10.7100000
   9.1270000  24.0230000   9.5040000   9.7240000  23.4320000   8.6010000
   8.6540000  25.3010000   9.3620000   8.7920000  25.8050000   8.4880000
   8.1650000  25.7480000  10.1300000   6.9020000  24.7580000  13.8640000
   5.7140000  24.5980000  14.1810000   7.4940000  25.6270000  14.5260000
   8.4280000  25.8330000  14.1850000   6.9140000  26.4820000  15.5430000
   6.0820000  25.9550000  15.9850000   7.9260000  26.8450000  16.6720000
   8.3210000  25.9260000  17.0930000   8.7320000  27.4270000  16.2410000
   7.3010000  27.6670000  17.8140000   6.8090000  28.5150000  17.3570000
   6.2110000  26.8330000  18.5370000   5.4130000  26.5520000  17.8120000
   6.6640000  25.9120000  18.9680000   5.7760000  27.4370000  19.3500000
   8.3800000  28.2290000  18.7870000   8.9470000  27.3870000  19.2420000
   9.0750000  28.8930000  18.2290000   7.8900000  28.8080000  19.5860000
   6.4090000  27.7820000  14.9530000   7.1510000  28.5400000  14.3060000
   5.0240000  28.1190000  15.2270000   4.4230000  27.4660000  15.7430000
   4.5100000  29.3780000  14.7210000   5.2890000  29.8760000  14.1520000
   3.2540000  29.2300000  13.7970000   2.5240000  28.5960000  14.3000000
   2.8380000  30.2160000  13.6170000   3.5860000  28.5960000  12.4300000
   4.3180000  29.2190000  11.9170000   3.9850000  27.5990000  12.5940000
   2.3000000  28.4990000  11.5720000   1.2110000  28.8680000  12.0890000
   2.3940000  28.0560000  10.3820000   4.1820000  30.2540000  15.8970000
   3.8640000  29.7650000  17.0020000   4.0470000  31.4600000  15.6500000
   4.2700000  31.7330000  14.7000000   3.8210000  32.5000000  16.6210000
   4.3320000  32.2760000  17.5430000   4.2250000  33.9020000  16.0980000
   3.7000000  34.1150000  15.1770000   3.9810000  34.6540000  16.8290000
   5.7330000  33.8980000  15.8550000   6.4080000  32.9320000  16.3290000
   6.2290000  34.8630000  15.1990000   2.3370000  32.5160000  16.8160000
   1.6720000  31.5510000  16.4460000   1.8120000  33.6430000  17.5260000
   2.4240000  34.2680000  18.0560000   0.3760000  33.8500000  17.5380000
   0.1830000  34.8880000  17.7840000  -0.0270000  33.6350000  16.5550000
  -0.3170000  32.9610000  18.5410000  -1.4120000  33.2970000  18.9950000
   0.4600000  31.8380000  18.9190000   1.3690000  31.5840000  18.5530000
  -0.2160000  30.9440000  19.8420000  -1.0790000  31.4380000  20.2460000
  -0.6310000  29.5670000  19.2320000   0.2550000  29.0790000  18.8650000
  -1.0680000  28.9510000  20.0100000  -1.6570000  29.6970000  18.0660000
  -1.1440000  30.0840000  17.1980000  -2.0600000  28.7060000  17.8490000
  -2.8300000  30.6450000  18.3720000  -2.4490000  31.6280000  18.6560000
  -3.4770000  30.7430000  17.4990000  -3.5930000  30.0310000  19.5090000
  -3.3030000  30.2210000  20.4720000  -4.6830000  29.2130000  19.2500000
  -5.0890000  28.9750000  17.9480000  -4.5820000  29.4040000  17.1770000
  -5.8970000  28.3720000  17.7550000  -5.3700000  28.6370000  20.2930000
  -5.0700000  28.8160000  21.2550000  -6.1780000  28.0340000  20.1030000
   0.7940000  30.6780000  20.9320000   1.9480000  31.0920000  20.7870000
   0.4060000  30.0620000  22.1060000  -0.5450000  29.7190000  22.2100000
   1.3890000  29.8460000  23.1590000   2.0200000  30.7240000  23.2280000
   0.7960000  29.5730000  24.5200000   0.0830000  30.3480000  24.7400000
   0.0740000  28.1930000  24.4960000  -0.7320000  28.2090000  23.7240000
   0.7990000  27.3930000  24.2540000  -0.3630000  27.9890000  25.4920000
   1.8250000  29.5840000  25.5270000   1.4380000  29.4080000  26.3930000
   2.2340000  28.6580000  22.7850000   1.7900000  27.7630000  22.0390000
   3.5390000  28.6350000  23.2970000   3.8340000  29.4010000  23.9030000
   4.4690000  27.5750000  23.0060000   4.5870000  27.4930000  21.9390000
   5.8490000  27.7990000  23.6790000   6.2530000  28.7410000  23.3240000
   5.7140000  27.8500000  24.7490000   6.8660000  26.6760000  23.3820000
   6.3800000  25.7370000  23.6010000   7.2300000  26.6490000  21.8830000
   6.3180000  26.4650000  21.2740000   7.6770000  27.6260000  21.5930000
   7.9580000  25.8360000  21.7040000   8.1030000  26.7720000  24.3150000
   8.6020000  27.7560000  24.1690000   7.7860000  26.6730000  25.3710000
   8.8070000  25.9550000  24.0750000   3.9170000  26.2780000  23.5520000
   3.9510000  25.2300000  22.8920000   3.3480000  26.3560000  24.7380000
   3.3140000  27.2550000  25.2240000   2.8160000  25.1750000  25.3980000
   3.5800000  24.4180000  25.4760000   2.2960000  25.5040000  26.8120000
   3.1130000  25.8700000  27.4330000   1.5350000  26.2690000  26.7330000
   1.7430000  24.3210000  27.4080000   1.4200000  24.5340000  28.2920000
   1.6480000  24.6280000  24.5960000   1.3960000  23.4050000  24.5920000
   0.8500000  25.5130000  23.8720000   1.1320000  26.5010000  23.8950000
  -0.3260000  25.1320000  23.0940000  -1.0280000  24.6270000  23.7370000
  -1.0050000  26.3660000  22.4170000  -1.2250000  27.1100000  23.1710000
  -0.3420000  26.8010000  21.6840000  -2.3100000  25.9170000  21.7140000
  -2.7120000  24.7100000  21.8720000  -2.9180000  26.7810000  20.9920000
   0.0720000  24.1950000  21.9860000  -0.6480000  23.2200000  21.6800000
   1.2610000  24.4340000  21.3890000   1.8100000  25.2400000  21.6970000
   1.7510000  23.6300000  20.3000000   0.9510000  23.4590000  19.5900000
   2.9450000  24.2730000  19.5620000   3.7150000  24.5450000  20.2790000
   3.3410000  23.5660000  18.8520000   2.4730000  25.5070000  18.8340000
   2.3660000  26.7240000  19.4920000   2.6240000  26.7890000  20.5560000
   1.9330000  27.8580000  18.8110000   1.8480000  28.8110000  19.3380000
   1.6070000  27.7830000  17.4610000   1.1640000  28.9470000  16.7610000
   0.9810000  28.7210000  15.8350000   1.7130000  26.5730000  16.7970000
   1.4560000  26.5090000  15.7340000   2.1470000  25.4430000  17.4830000
   2.2320000  24.4890000  16.9540000   2.2140000  22.3000000  20.8470000
   2.7430000  22.2130000  21.9710000   1.9450000  21.3770000  19.9260000
   1.5080000  21.5140000  19.0010000   2.2950000  20.0440000  20.4120000
   2.0820000  19.9760000  21.4690000   1.5480000  18.8760000  19.6650000
   0.5040000  19.1310000  19.5030000   2.0060000  18.6930000  18.7090000
   1.6680000  17.6130000  20.5690000   2.3100000  17.6650000  21.6490000
   1.0460000  16.4520000  20.1230000   1.0980000  15.5880000  20.6860000
   0.5310000  16.4540000  19.2290000   3.7770000  19.8560000  20.2310000
   4.2120000  19.1570000  19.3090000   4.6680000  20.5080000  21.2020000
   4.2550000  21.0920000  21.9210000   6.1000000  20.3810000  21.1590000
   6.4370000  20.4920000  20.1420000   6.8570000  21.3440000  22.0760000
   7.9110000  21.1890000  21.9390000   6.5230000  22.8050000  21.6270000
   6.8320000  22.9580000  20.5730000   5.4300000  22.9720000  21.7010000
   7.0660000  23.5310000  22.2840000   6.5390000  21.0490000  23.5690000
   6.8000000  20.0130000  23.7850000   7.1470000  21.7140000  24.1860000
   5.0630000  21.2530000  23.9350000   4.7770000  22.3150000  23.7330000
   4.4220000  20.5690000  23.3220000   4.9300000  21.0210000  25.0150000
   6.3690000  18.9790000  21.6620000   5.6220000  18.4710000  22.5100000
   7.3900000  18.3320000  21.0870000   7.9600000  18.7280000  20.3460000
   7.6160000  16.9670000  21.5700000   6.7180000  16.3690000  21.4040000
   8.8300000  16.2450000  20.9330000   9.7070000  16.8870000  21.0540000
   9.0000000  15.2970000  21.4560000   8.6220000  15.9410000  19.4310000
   7.7590000  15.2840000  19.2840000   8.4640000  16.8750000  18.8820000
   9.8930000  15.2360000  18.9440000  10.8800000  15.9030000  18.5850000
   9.8730000  13.8470000  18.9370000  10.6910000  13.3250000  18.6260000
   9.0420000  13.3370000  19.2440000   7.9010000  17.0800000  23.0480000
   8.8920000  17.7110000  23.4930000   7.0970000  16.4330000  23.6990000
   6.3840000  15.8250000  23.2810000   7.2170000  16.5580000  25.1370000
   7.1610000  17.6110000  25.4000000   6.1360000  15.7710000  25.9180000
   6.1910000  14.7180000  25.6470000   6.3380000  15.8810000  26.9810000
   4.7120000  16.2780000  25.6110000   4.4800000  16.0850000  24.5660000
   4.0250000  15.7250000  26.2350000   4.5370000  17.7980000  25.8790000
   5.2580000  18.3450000  25.2910000   3.5400000  18.0810000  25.5610000
   4.7320000  18.1990000  27.3640000   3.9830000  17.7010000  27.9610000
   5.7130000  17.8920000  27.7070000   4.6010000  19.6900000  27.5100000
   5.3090000  20.1610000  26.9470000   3.6730000  19.9810000  27.1860000
   4.7310000  19.9470000  28.4960000   8.5530000  16.0270000  25.5710000
   8.8860000  14.8510000  25.3310000   9.4270000  17.0740000  26.2540000
   9.0920000  18.0300000  26.3910000  10.7220000  16.7140000  26.7820000
  10.6280000  15.8860000  27.4820000  11.7350000  16.3510000  25.6820000
  12.6560000  16.0430000  26.1690000  11.3300000  15.5210000  25.0990000
  12.0460000  17.5280000  24.7170000  11.1420000  17.8470000  24.2050000
  12.4690000  18.3670000  25.2740000  13.0520000  17.0260000  23.6900000
  12.7340000  16.0100000  22.9800000  14.1560000  17.6580000  23.6040000
  11.2480000  17.9440000  27.5010000  10.6740000  19.0410000  27.3930000
  12.3940000  17.9120000  28.2970000  12.8020000  16.9870000  28.4500000
  12.9660000  19.0920000  28.9290000  12.6180000  19.9860000  28.4170000
  12.6640000  19.1940000  30.4460000  11.5970000  19.2310000  30.5810000
  13.0620000  18.3200000  30.9610000  13.2650000  20.3850000  30.9960000
  13.0700000  20.4390000  31.9430000  14.4500000  18.9890000  28.7970000
  15.0220000  17.9150000  29.0550000  15.2240000  20.2860000  28.4870000
  16.2340000  20.2640000  28.4180000  14.5510000  21.5140000  28.1370000
  13.7690000  21.7080000  28.8440000  15.5010000  22.6990000  28.0770000
  15.9780000  22.8270000  29.0420000  16.5700000  22.4060000  27.0060000
  17.1200000  21.4850000  27.2910000  16.0810000  22.2590000  26.0150000
  17.2770000  23.2660000  26.9480000  14.8050000  23.8980000  27.7280000
  15.4270000  24.6430000  27.6950000  13.9750000  21.3360000  26.7520000
  14.3380000  20.4060000  26.0200000  12.9570000  22.0940000  26.4290000
  12.6330000  22.7950000  27.0900000  12.4090000  22.0490000  25.0850000
  12.1630000  21.0290000  24.8100000  11.1860000  22.9720000  24.8810000
  11.4790000  23.9890000  25.1300000  10.8850000  22.9280000  23.8370000
   9.9730000  22.5730000  25.7570000  10.2750000  22.6950000  26.7920000
   8.7880000  23.5300000  25.5050000   9.0910000  24.5730000  25.7590000
   8.4840000  23.4810000  24.4330000   7.9390000  23.2190000  26.1440000
   9.5910000  21.0720000  25.5660000   9.3300000  20.8900000  24.4970000
  10.4470000  20.4330000  25.8600000   8.7230000  20.8220000  26.2040000
  13.5040000  22.5870000  24.2160000  14.2700000  23.4690000  24.6510000
  13.7000000  21.9850000  23.0640000  13.0970000  21.2420000  22.7110000
  14.7840000  22.5160000  22.2800000  15.3010000  23.2590000  22.8710000
  15.7970000  21.4460000  21.8410000  15.2620000  20.6140000  21.3980000
  16.4590000  21.8820000  21.1070000  16.6130000  20.9360000  23.0040000
  16.2000000  19.9390000  23.8820000  15.3210000  19.4300000  23.8540000
  17.2040000  19.7750000  24.7940000  17.1690000  19.0540000  25.6170000
  18.2280000  20.5940000  24.5630000  17.8530000  21.3240000  23.4350000
  18.4620000  22.0990000  22.9610000  14.2560000  23.1800000  21.0380000
  13.4870000  22.5830000  20.2680000  14.7740000  24.4230000  20.9750000
  15.3550000  24.8920000  21.6660000  14.4250000  25.1200000  19.7600000
  14.0150000  24.4210000  19.0500000  13.4310000  26.2780000  19.9660000
  13.8330000  26.9430000  20.7160000  13.3230000  26.8100000  19.0310000
  12.0320000  25.7970000  20.4250000  11.7100000  25.0420000  19.7270000
  12.0920000  25.1280000  21.8180000  12.7610000  24.2520000  21.7790000
  12.4790000  25.8540000  22.5600000  11.0790000  24.7980000  22.1120000
  11.0010000  26.9370000  20.3520000  11.3260000  27.7670000  21.0090000
  10.9220000  27.3020000  19.3080000  10.0160000  26.5580000  20.6850000
  15.6930000  25.7050000  19.2180000  16.5640000  26.1420000  19.9810000
  16.0020000  25.5730000  18.0660000  15.3160000  25.1210000  17.4710000
  17.2120000  26.1130000  17.5070000  17.8650000  26.4220000  18.3030000
  17.9450000  25.1530000  16.6060000  18.1620000  24.2640000  17.1650000
  17.0230000  24.7850000  15.4200000  16.0990000  24.3150000  15.8050000
  16.7630000  25.6970000  14.8560000  17.5480000  24.0810000  14.7510000
  19.2800000  25.7990000  16.1740000  19.0740000  26.7350000  15.6300000
  19.8910000  26.0170000  17.0710000  19.8320000  25.1070000  15.5120000
  16.8440000  27.2970000  16.6760000  15.9010000  27.2550000  15.8790000
  17.6850000  28.5360000  16.8990000  18.4670000  28.6360000  17.5360000
  17.3040000  29.6190000  16.0410000  16.2890000  29.4980000  15.7200000
  17.4900000  31.0090000  16.7000000  16.8910000  31.0380000  17.5900000
  18.5270000  31.1150000  16.9650000  17.0920000  32.2170000  15.8190000
  17.1510000  33.0880000  16.4440000  18.0720000  32.4400000  14.6570000
  19.0820000  32.6280000  15.0610000  18.0930000  31.5410000  14.0150000
  17.7440000  33.3110000  14.0620000  15.6270000  32.1020000  15.3540000
  15.4990000  31.1750000  14.7660000  14.9660000  32.0740000  16.2350000
  15.3680000  32.9740000  14.7280000  18.2220000  29.5020000  14.8770000
  19.4290000  29.7150000  15.0000000  17.8800000  29.1570000  13.8260000
  16.8820000  29.0150000  13.6940000  18.7800000  29.0050000  12.7170000
  19.7130000  29.4930000  12.9350000  19.0350000  27.5300000  12.3400000
  18.0860000  27.0670000  12.1200000  19.6590000  27.4990000  11.4620000
  19.7290000  26.7330000  13.4500000  20.7140000  27.1440000  13.6100000
  19.1490000  26.8350000  14.3520000  19.8780000  25.2400000  13.1250000
  20.3180000  24.7260000  13.9630000  18.9110000  24.8150000  12.9030000
  20.7710000  25.1190000  11.9310000  20.3680000  25.0370000  11.0030000
  22.1350000  25.1210000  12.0950000  22.6780000  25.2370000  13.3510000
  22.0710000  25.3230000  14.1590000  23.6880000  25.2370000  13.4720000
  22.9550000  25.0020000  11.0030000  22.5530000  24.9140000  10.0750000
  23.9650000  25.0020000  11.1230000  18.1340000  29.6340000  11.5260000
  16.9180000  29.8650000  11.5020000  18.8170000  29.9490000  10.3990000
  19.8700000  30.0350000  10.4650000  18.0530000  30.1810000   9.1330000
  17.1200000  30.7710000   9.3150000  18.8790000  30.9660000   8.0760000
  19.8380000  30.3970000   7.9390000  18.2640000  30.9840000   7.1300000
  19.2360000  32.5080000   8.5010000  19.8110000  32.9500000   7.7040000
  17.9040000  33.4150000   8.6080000  17.3180000  33.4300000   7.6140000
  17.2470000  32.9560000   9.3750000  18.1950000  34.5090000   8.9130000
  20.1990000  32.5590000   9.8030000  19.6730000  32.0520000  10.6390000
  21.1820000  31.9870000   9.6260000  20.4320000  33.6750000  10.0760000
  17.6580000  28.7590000   8.5560000  18.4340000  27.7190000   8.7130000
  16.4460000  28.9010000   7.8470000  15.7780000  29.7900000   7.6770000
  15.8470000  27.4210000   7.4910000  16.7220000  26.6730000   7.4530000
  14.8380000  26.7260000   8.5600000  14.3500000  25.6830000   8.1430000
  15.5050000  26.4800000   9.5570000  13.6020000  27.7240000   8.8630000
  13.2630000  27.3230000   9.8680000  14.0360000  28.8750000   8.9450000
  12.2450000  27.7390000   7.7470000  12.5060000  28.2820000   6.7610000
  11.8330000  26.5950000   7.5600000  11.1360000  28.6170000   8.3410000
  11.4440000  29.2700000   9.1860000   9.7080000  28.5430000   7.7480000
   9.2900000  27.6730000   6.5980000  10.0390000  27.0840000   6.1860000
   8.2330000  27.6180000   6.1600000   8.6980000  29.3390000   8.3070000
   9.0080000  29.9820000   9.1580000   7.6400000  29.2850000   7.8700000
  15.0300000  27.6230000   6.0280000  15.4710000  28.5630000   5.1540000
  14.4430000  26.3480000   6.1150000  14.4860000  25.3820000   7.1650000
  13.1030000  26.0890000   4.5340000  11.8990000  26.5400000   4.4960000
  13.5210000  26.9330000   3.5240000  12.8130000  23.9910000   4.3640000
  13.5100000  22.7720000   5.5430000   8.4460000  21.3000000   3.7580000
   4.7780000  23.1850000   2.3140000   8.2330000  17.5580000   4.6550000
   6.6320000  19.2170000   2.3650000  12.6100000  16.2900000   5.9000000
   3.9380000  12.9950000   7.1410000   5.8660000   8.5470000  10.0790000
  -1.3330000  13.9070000   6.1240000
