
  1231
   9.7210000  27.4080000  31.4470000  10.1710000  28.2380000  31.8330000
   9.5090000  27.5540000  30.4560000   8.8510000  27.2310000  31.9560000
  10.6400000  26.2470000  31.5880000  10.8640000  26.0890000  32.6330000
   9.9890000  24.9820000  30.9810000  10.5720000  24.1270000  31.2870000
   8.9800000  24.8990000  31.3680000   9.9220000  25.0000000  29.4360000
  10.9270000  25.1410000  29.0600000   9.5470000  24.0470000  29.0980000
   8.8460000  26.2990000  28.7270000   7.2740000  25.4190000  29.0360000
   7.2860000  24.4550000  28.4920000   7.1640000  25.2400000  30.1270000
   6.4180000  26.0300000  28.6770000  11.9130000  26.5190000  30.8370000
  12.0580000  27.5660000  30.2050000  12.7980000  25.4940000  30.9380000
  12.6830000  24.6310000  31.4540000  14.0130000  25.7810000  30.2300000
  14.2850000  26.8020000  30.4040000  15.2010000  24.8580000  30.6190000
  15.3810000  24.9640000  31.6830000  14.9250000  23.8430000  30.3970000
  16.5110000  25.1650000  29.8730000  16.3780000  25.0030000  28.8080000
  16.7950000  26.1850000  30.0510000  17.5960000  24.2220000  30.4140000
  18.7590000  24.2620000  29.9900000  17.2070000  23.3510000  31.3900000
  17.8830000  22.7030000  31.7910000  16.2420000  23.3530000  31.7150000
  13.6960000  25.5840000  28.7730000  13.1980000  24.5330000  28.3620000
  13.8830000  26.6240000  27.9160000  14.2690000  27.4880000  28.2740000
  13.6160000  26.4760000  26.5080000  13.3340000  25.4650000  26.2960000
  12.5470000  27.4210000  25.9840000  11.7750000  27.5030000  26.7320000
  13.1880000  28.8090000  25.8110000  13.5690000  29.1630000  26.7900000
  14.0280000  28.7390000  25.0900000  12.4280000  29.5180000  25.4290000
  11.8950000  26.9040000  24.6710000  11.5280000  25.9120000  24.8540000
  11.0650000  27.5520000  24.4300000  12.8290000  26.8470000  23.4510000
  13.2080000  27.8570000  23.2320000  13.6830000  26.1750000  23.6670000
  12.2700000  26.4660000  22.5730000  14.9030000  26.7870000  25.8180000
  15.6540000  27.6620000  26.2540000  15.1330000  25.9910000  24.8190000
  14.5740000  25.2160000  24.4930000  16.3590000  26.3170000  24.1600000
  16.8930000  27.0700000  24.7010000  17.2420000  25.0620000  23.9450000
  17.3840000  24.5670000  24.8900000  16.7460000  24.3980000  23.2630000
  18.5770000  25.4300000  23.3800000  18.7660000  25.5520000  22.0210000
  17.9370000  25.3850000  21.3410000  20.0060000  25.8860000  21.5210000
  20.1470000  25.9800000  20.4470000  21.0690000  26.1000000  22.3670000
  22.0420000  26.3650000  21.9640000  20.8880000  25.9770000  23.7250000
  21.7190000  26.1430000  24.4040000  19.6490000  25.6420000  24.2180000
  19.5130000  25.5420000  25.2920000  15.9660000  26.8110000  22.8000000
  15.4650000  26.0440000  21.9800000  16.1170000  28.1920000  22.5300000
  16.4290000  28.8290000  23.2480000  15.8730000  28.6780000  21.2020000
  15.2920000  27.9740000  20.6430000  15.2360000  30.0380000  21.1560000
  15.8520000  30.7220000  21.7030000  15.1710000  30.4960000  19.6850000
  16.1920000  30.5430000  19.2680000  14.5690000  29.7810000  19.1040000
  14.7060000  31.4940000  19.6310000  13.8580000  29.9590000  21.8410000
  13.2240000  29.2330000  21.3090000  13.9860000  29.6380000  22.8900000
  13.3760000  30.9510000  21.8160000  17.2380000  28.7970000  20.6290000
  18.0180000  29.6560000  21.0410000  17.5520000  27.9400000  19.7600000
  16.8970000  27.2960000  19.3330000  18.9330000  27.9130000  19.4070000
  19.5080000  28.2830000  20.2320000  19.4440000  26.5070000  19.0410000
  19.2760000  25.8520000  19.8750000  18.8890000  26.1520000  18.1910000
  20.9360000  26.4830000  18.6970000  21.0720000  26.9780000  17.7550000
  21.4690000  27.0170000  19.4620000  21.5260000  25.0720000  18.5930000
  22.5670000  25.1170000  18.8570000  21.0090000  24.4340000  19.2850000
  21.4020000  24.4660000  17.1930000  21.7470000  23.4480000  17.2120000
  20.3740000  24.4910000  16.8810000  22.2250000  25.2480000  16.2400000
  21.8990000  26.2100000  16.2210000  23.1970000  25.2250000  16.5340000
  22.1410000  24.8440000  15.3120000  19.2000000  28.7630000  18.2230000
  19.0120000  28.3510000  17.0770000  19.6720000  30.1910000  18.5770000
  19.6020000  30.5250000  19.5280000  20.2460000  31.0300000  17.5860000
  20.0200000  30.7000000  16.5930000  19.9710000  32.4970000  17.7750000
  20.4450000  33.0470000  16.9860000  18.4510000  32.7420000  17.7140000
  18.0650000  32.4190000  16.7340000  17.9540000  32.1650000  18.5120000
  18.2460000  33.8150000  17.8520000  20.4920000  32.9350000  19.0220000
  20.3120000  33.8720000  19.1330000  21.6620000  30.7930000  17.9510000
  21.9420000  29.8570000  18.7020000  22.6320000  31.5440000  17.5070000
  22.4790000  32.3010000  16.8540000  23.9140000  31.1980000  18.0320000
  24.0800000  30.1510000  17.8760000  25.0620000  31.9860000  17.3760000
  24.8740000  33.0360000  17.5050000  25.9800000  31.7240000  17.8670000
  25.2130000  31.6960000  15.8700000  25.2690000  30.6320000  15.7610000
  23.9710000  32.1630000  15.0880000  23.0810000  31.6310000  15.4620000
  23.8360000  33.2490000  15.2260000  24.1080000  31.9440000  14.0180000
  26.5270000  32.2730000  15.3140000  26.5410000  33.3650000  15.4620000
  27.3800000  31.8190000  15.8420000  26.6000000  32.0470000  14.2390000
  23.9520000  31.4830000  19.5180000  24.3820000  30.6380000  20.3040000
  23.4810000  32.8800000  19.7130000  22.9610000  33.4410000  19.0490000
  23.6660000  33.4070000  21.0500000  24.7160000  33.3180000  21.2580000
  23.3530000  34.8770000  21.1240000  23.8970000  35.3930000  20.3560000
  21.8400000  35.0820000  20.8970000  21.5610000  34.6950000  19.9040000
  21.2740000  34.5400000  21.6750000  21.6030000  36.1580000  20.9490000
  23.7410000  35.3890000  22.3900000  23.5380000  36.3290000  22.4300000
  22.9520000  32.7450000  22.2190000  23.6300000  32.3230000  23.1600000
  21.6990000  32.4000000  22.1800000  21.1040000  32.6610000  21.4020000
  21.1670000  31.8380000  23.4190000  21.5090000  30.8200000  23.5120000
  21.5380000  32.4150000  24.2440000  19.6430000  31.8490000  23.4680000
  18.9910000  32.0440000  22.4400000  19.2410000  31.4750000  24.5980000
  19.8580000  31.3520000  25.3960000  17.7930000  31.4450000  24.8130000
  17.3470000  32.3130000  24.3610000  17.1890000  30.1890000  24.1820000
  16.2010000  30.0390000  24.5890000  17.1210000  30.3320000  23.1130000
  18.0480000  28.9330000  24.4650000  17.6020000  28.1030000  23.9510000
  19.0400000  29.1010000  24.0760000  18.1720000  28.5690000  25.9600000
  18.4480000  29.4550000  26.4990000  17.2070000  28.2330000  26.3020000
  19.2040000  27.4770000  26.2820000  18.9400000  26.5760000  25.7600000
  20.1810000  27.7990000  25.9590000  19.2300000  27.2150000  27.7460000
  19.4810000  28.0650000  28.2410000  18.3080000  26.9100000  28.0520000
  19.9170000  26.4900000  27.9500000  17.3870000  31.3820000  26.2960000
  18.2470000  31.1910000  27.1650000  16.1810000  31.6480000  26.4730000
  15.5620000  31.9690000  25.7300000  15.5860000  31.4820000  27.8120000
  15.6490000  30.4500000  28.0940000  16.2580000  32.3130000  28.8770000
  17.3240000  32.1470000  28.8380000  15.9580000  33.7960000  28.5910000
  16.3540000  34.0620000  27.5900000  14.8620000  33.9670000  28.6130000
  16.4450000  34.4200000  29.3650000  15.7720000  31.9560000  30.1730000
  16.2080000  32.4940000  30.8460000  14.1050000  31.9060000  27.7690000
  13.7870000  32.9020000  27.1150000  13.2740000  31.2070000  28.2730000
  13.5320000  30.3900000  28.8150000  11.8750000  31.6700000  28.2300000
  11.8760000  32.7390000  28.1760000  11.0510000  31.1420000  27.0740000
  10.0900000  31.6330000  27.0970000  11.7560000  31.5280000  25.7500000
  11.8310000  32.6250000  25.6870000  12.7760000  31.0860000  25.7270000
  11.1670000  31.1500000  24.8880000  10.8080000  29.6330000  27.2340000
  11.7360000  29.1160000  27.0270000  10.5070000  29.4440000  28.2560000
   9.7190000  29.0880000  26.2900000   8.7540000  29.6010000  26.4960000
  10.0160000  29.2640000  25.2340000   9.6010000  28.0060000  26.4600000
  11.0870000  31.2650000  29.4640000  11.5290000  30.4440000  30.2730000
  10.0160000  31.9020000  29.5760000   9.7300000  32.5920000  28.8910000
   9.1270000  31.6340000  30.6990000   9.6900000  31.1470000  31.4790000
   8.4620000  32.8610000  31.2790000   9.2180000  33.6030000  31.4810000
   7.4470000  33.4060000  30.2370000   7.9870000  33.6620000  29.2980000
   6.6750000  32.6390000  30.0150000   6.9510000  34.3090000  30.6510000
   7.7830000  32.5400000  32.5020000   7.3610000  33.3310000  32.8670000
   8.0120000  30.7200000  30.2210000   7.7910000  30.5390000  29.0080000
   7.3650000  30.1120000  31.2020000   7.5850000  30.3300000  32.1790000
   6.2970000  29.1640000  30.9370000   6.6770000  28.4030000  30.2700000
   5.7660000  28.4950000  32.2290000   5.4150000  29.2630000  32.9090000
   4.9350000  27.8540000  31.9590000   6.8400000  27.6510000  32.9680000
   7.2760000  26.9890000  32.2310000   7.9970000  28.5280000  33.5190000
   8.4920000  29.0500000  32.6740000   7.5840000  29.2690000  34.2380000
   8.7450000  27.8940000  34.0390000   6.1950000  26.7730000  34.0630000
   5.6790000  27.4150000  34.8130000   5.4540000  26.0910000  33.5920000
   6.9900000  26.1850000  34.5690000   5.1080000  29.8250000  30.2760000
   4.4700000  29.2530000  29.3700000   4.8060000  31.0890000  30.6680000
   5.4300000  31.5230000  31.3560000   3.6420000  31.8270000  30.2160000
   2.7600000  31.2250000  30.3750000   3.4500000  33.1610000  30.9900000
   2.5540000  33.6410000  30.6070000   3.3120000  32.9410000  32.0430000
   4.6340000  34.1390000  30.8640000   5.5440000  33.6940000  31.2560000
   4.7850000  34.3950000  29.8220000   4.2720000  35.3880000  31.6860000
   4.0530000  35.2550000  32.9360000   4.2050000  36.4890000  31.0760000
   3.7420000  32.1160000  28.7340000   2.7100000  32.2400000  28.0450000
   4.9230000  32.2250000  28.1260000   5.7430000  32.0500000  28.7100000
   5.1180000  32.6210000  26.7430000   4.7300000  33.6140000  26.6390000
   6.5790000  32.6410000  26.3140000   7.1470000  33.2170000  27.0340000
   7.1200000  31.1990000  26.3080000   7.0310000  30.7770000  27.3330000
   6.5230000  30.5870000  25.5930000   8.1910000  31.1990000  25.9950000
   6.6720000  33.3250000  24.9240000   6.0620000  32.7610000  24.1810000
   6.2830000  34.3550000  25.0070000   7.7370000  33.3510000  24.5910000
   4.3670000  31.7370000  25.7650000   4.1350000  30.5520000  26.0040000
   4.0200000  32.4240000  24.5260000   4.2230000  33.4100000  24.4250000
   3.3040000  31.7740000  23.4420000   3.0540000  30.7670000  23.7130000
   2.0230000  32.5360000  23.0210000   1.5050000  31.9590000  22.2600000
   1.3830000  32.6420000  23.8940000   2.3090000  33.9270000  22.4520000
   2.8090000  34.5340000  23.2020000   2.9380000  33.8500000  21.5690000
   0.9500000  34.5420000  22.0820000  -0.1110000  33.9600000  22.4810000
   0.9530000  35.6020000  21.3960000   4.2460000  31.7840000  22.2450000
   5.1740000  32.6060000  22.2000000   4.1740000  30.9660000  21.1520000
   3.8880000  29.5800000  21.5000000   2.8160000  29.4220000  21.5880000
   4.3700000  29.3280000  22.4380000   4.4690000  28.7290000  20.3340000
   3.7300000  28.0190000  19.9810000   5.3600000  28.2090000  20.6570000
   4.8170000  29.7420000  19.2170000   3.9810000  29.8770000  18.5370000
   5.6940000  29.4360000  18.6530000   5.0970000  31.0070000  20.0350000
   6.0830000  30.8760000  20.4640000   5.1660000  32.2900000  19.2640000
   6.2610000  32.6190000  18.7720000   3.9650000  32.9030000  19.1200000
   3.0770000  32.5980000  19.5290000   4.0580000  34.1360000  18.3830000
   4.4390000  33.9450000  17.3860000   2.6890000  34.8590000  18.2860000
   1.9720000  34.2230000  17.7760000   2.3280000  35.0800000  19.2880000
   2.8380000  36.0700000  17.5510000   1.9780000  36.5120000  17.4970000
   5.0150000  35.0420000  19.1240000   5.8380000  35.7440000  18.5090000
   4.7640000  34.9610000  20.5930000   4.0860000  34.3390000  21.0230000
   5.5850000  35.8050000  21.4330000   5.5030000  36.8130000  21.0840000
   5.1660000  35.7540000  22.9290000   4.0920000  35.8700000  23.0130000
   5.4600000  34.8120000  23.3560000   5.8720000  36.8870000  23.6770000
   6.6780000  37.6160000  23.0220000   5.6140000  37.0370000  24.9140000
   7.0320000  35.3750000  21.3390000   7.9400000  36.2140000  21.2930000
   7.3170000  34.0580000  21.2730000   6.5630000  33.3810000  21.2370000
   8.6920000  33.6150000  21.3040000   9.1870000  34.0900000  22.1320000
   8.8400000  32.1270000  21.4590000   8.2400000  31.7990000  22.2910000
   8.3520000  31.4270000  20.1740000   7.2860000  31.6740000  19.9980000
   8.9580000  31.7690000  19.3120000   8.4610000  30.3380000  20.2900000
  10.2070000  31.7990000  21.7080000  10.2940000  30.8470000  21.8070000
   9.3800000  34.0340000  20.0320000  10.5370000  34.4720000  20.0580000
   8.6290000  33.7310000  18.4120000   7.6840000  33.3770000  18.3510000
   9.3420000  34.1110000  17.2240000  10.2750000  33.5840000  17.2130000
   8.6070000  33.7920000  15.9490000   8.3060000  32.7660000  15.9940000
   7.3350000  34.6500000  15.8670000   6.6870000  34.4290000  16.7310000
   7.6100000  35.7180000  15.8750000   6.7940000  34.4200000  14.9340000
   9.5500000  33.9560000  14.7430000   9.7230000  35.0050000  14.5820000
  10.4820000  33.4710000  14.9700000   8.9890000  33.3550000  13.4550000
   8.8160000  32.2760000  13.6000000   8.0350000  33.8490000  13.2020000
   9.7100000  33.5060000  12.6350000   9.6380000  35.5810000  17.2520000
  10.7600000  36.0000000  16.9590000   8.5150000  36.4490000  18.0300000
   7.6390000  36.0970000  18.4010000   8.7440000  37.8660000  17.9290000
   9.0060000  38.0970000  16.9120000   7.5250000  38.7250000  18.3200000
   7.7640000  39.7530000  18.1130000   6.6870000  38.4220000  17.7140000
   7.1140000  38.6130000  19.7950000   6.7030000  37.6390000  19.9930000
   7.9700000  38.7780000  20.4300000   6.0570000  39.6810000  20.0490000
   5.2870000  39.9980000  19.0960000   6.0110000  40.2010000  21.2000000
   9.8900000  38.2620000  18.8120000  10.7000000  39.1180000  18.4430000
   9.9530000  37.5670000  20.1420000   9.3050000  36.8360000  20.4240000
  11.0270000  37.9620000  21.0260000  10.9630000  39.0170000  21.2000000
  10.9950000  37.2190000  22.3880000  10.9060000  36.1600000  22.2270000
  11.9020000  37.4240000  22.9410000   9.7800000  37.7210000  23.1690000
   9.3580000  38.8690000  23.0080000   9.2000000  36.8430000  24.0450000
   8.3920000  37.1240000  24.5910000   9.5770000  35.9100000  24.1510000
  12.3480000  37.6580000  20.3750000  13.2750000  38.4770000  20.4110000
  12.4370000  36.4840000  19.7930000  11.6660000  35.8410000  19.6560000
  13.7410000  36.1530000  19.2870000  14.4460000  36.1640000  20.0940000
  13.7770000  34.8030000  18.6270000  13.0560000  34.7960000  17.8330000
  15.1790000  34.5880000  18.0220000  15.3840000  35.3790000  17.2790000
  15.9380000  34.6320000  18.8220000  15.2210000  33.6000000  17.5340000
  13.3730000  33.7340000  19.6640000  14.0830000  33.7560000  20.5080000
  12.3530000  33.9460000  20.0310000  13.3930000  32.7360000  19.1950000
  14.1470000  37.1750000  18.2730000  15.2620000  37.7030000  18.3130000
  13.0840000  37.4750000  17.3410000  12.1770000  37.0070000  17.3390000
  13.4180000  38.4130000  16.3050000  14.3410000  38.0950000  15.8460000
  12.3190000  38.5290000  15.2170000  12.6710000  39.2130000  14.4620000
  12.1670000  37.5470000  14.7840000  10.9570000  39.0430000  15.7300000
  10.4870000  38.2530000  16.2970000  11.1350000  39.9000000  16.3650000
   9.9870000  39.4690000  14.6120000  10.3980000  40.3440000  14.1250000
   9.9110000  38.6540000  13.9060000   8.5640000  39.8150000  15.1030000
   7.9180000  39.9920000  14.2580000   8.1780000  38.9840000  15.6760000
   8.6020000  41.0420000  15.9510000   9.2110000  40.8770000  16.7520000
   8.9660000  41.8290000  15.4120000   7.6550000  41.2620000  16.2710000
  13.6260000  39.7830000  16.8950000  14.5810000  40.4940000  16.5380000
  12.7950000  40.2300000  18.0830000  12.0470000  39.5870000  18.3470000
  12.9130000  41.5050000  18.7490000  12.8930000  42.2990000  18.0220000
  11.7880000  41.7430000  19.7900000  10.8010000  41.7190000  19.2920000
  11.8250000  40.9450000  20.5570000  11.9310000  42.7360000  20.2680000
  14.2270000  41.5470000  19.4730000  14.9430000  42.5630000  19.4380000
  14.7790000  40.3900000  20.0570000  14.1810000  39.5680000  20.0450000
  16.0240000  40.3390000  20.7770000  16.0280000  41.1280000  21.5030000
  16.2250000  38.9800000  21.5020000  16.1160000  38.1890000  20.7830000
  17.2260000  38.9530000  21.9070000  15.2180000  38.7360000  22.6450000
  15.5220000  39.3240000  23.4900000  14.2390000  39.0610000  22.3190000
  15.1240000  37.2590000  23.0900000  14.6630000  37.2220000  24.0670000
  14.5000000  36.7360000  22.3890000  16.4880000  36.5360000  23.1640000
  17.2200000  37.1960000  23.5980000  16.3900000  35.6480000  23.7780000
  16.9410000  36.1480000  21.8040000  16.2520000  35.5210000  21.3930000
  17.0360000  36.9860000  21.2220000  17.8440000  35.6700000  21.8640000
  17.1990000  40.5240000  19.8450000  18.0920000  41.3320000  20.1220000
  17.2110000  39.8910000  18.7730000  16.4670000  39.2540000  18.4870000
  18.4290000  40.0740000  17.9980000  19.2220000  40.4180000  18.6400000
  18.8810000  38.7920000  17.3250000  19.8020000  39.0010000  16.7900000
  19.1900000  37.7260000  18.4180000  20.0000000  38.1050000  19.0730000
  18.2670000  37.5350000  19.0180000  19.5240000  36.7760000  17.9460000
  17.8060000  38.3320000  16.3110000  16.9330000  37.9740000  16.8560000
  17.5240000  39.1910000  15.7040000  18.2940000  37.2010000  15.3880000
  19.1840000  37.5540000  14.8120000  18.5770000  36.3060000  15.9940000
  17.4740000  36.9290000  14.6950000  18.2080000  41.1040000  16.9090000
  18.9310000  41.1020000  15.8990000  17.1560000  42.3900000  17.0530000
  16.7330000  41.9820000  18.0300000  16.4280000  43.7010000  16.3760000
  15.3510000  43.8680000  16.9410000  17.2950000  45.1150000  16.4120000
  18.4190000  44.9180000  15.9490000  16.7520000  46.0170000  15.7930000
  17.3710000  45.5630000  17.9130000  17.7640000  44.6260000  18.5940000
  18.1160000  46.4540000  17.8860000  15.7940000  46.0780000  18.4560000
  15.0440000  45.2910000  19.3550000  15.2710000  47.4350000  17.8880000
  14.2300000  47.8330000  18.2060000  15.9240000  48.0440000  17.1490000
  16.1850000  43.5480000  14.8560000  16.5790000  44.5330000  13.9250000
  15.8230000  42.2130000  14.6710000  15.3310000  41.5320000  15.3130000
  15.9340000  41.9000000  13.2610000  16.5290000  42.7540000  12.8020000
  16.6970000  40.4760000  12.8900000  16.7560000  40.3610000  11.8210000
  17.7620000  40.4840000  13.2860000  15.8550000  39.2320000  13.4780000
  15.0970000  39.4940000  14.5010000  15.9590000  38.0140000  12.9240000
  14.4530000  41.9090000  12.6910000  13.5130000  41.0830000  13.0980000
  13.7480000  43.4840000  11.7980000  14.4000000  45.0180000  11.8280000
  11.9880000  43.0930000  11.2330000  10.8010000  42.1680000  11.9870000
  11.0140000  45.2450000  11.2100000  12.2200000  46.2770000  10.5530000
   9.7850000  44.8850000  10.7090000  10.0760000  46.4570000  12.7950000
   8.6160000  45.6270000  13.3410000  11.1690000  46.3920000  13.3960000
   9.6290000  48.8590000  12.8500000  11.0850000  49.7020000  12.3110000
   8.5310000  48.9380000  12.2560000   8.6930000  50.0100000  14.4540000
   8.3130000  51.6500000  14.4170000   7.2840000  49.1260000  15.0280000
  10.2410000  50.0850000  15.2690000  10.6010000  48.5380000  15.3060000
  11.5720000  50.9210000  14.7280000   9.6090000  50.8490000  16.3300000
  12.5070000  41.8020000   9.6910000  11.2790000  40.3290000   9.4260000
  13.9170000  41.6990000   9.4980000  14.9140000  42.1780000  10.2580000
  14.2650000  40.5390000   8.0150000  13.2920000  40.6510000   7.1260000
  16.1200000  40.6360000   7.3350000  17.0940000  40.6000000   8.2540000
  16.3180000  39.6740000   6.3040000  16.3680000  42.0950000   6.8110000
  15.4110000  42.1470000   5.8830000  16.1950000  43.0710000   7.8310000
  18.2370000  42.0710000   6.1560000  18.5110000  41.3090000   4.7160000
  19.4120000  42.8160000   7.0870000  14.0960000  39.0020000   8.3040000
  15.3870000  38.3130000   8.6790000  12.3010000  38.5780000   8.6780000
  11.5320000  39.3140000   8.5120000  11.7450000  37.2550000   9.0560000
  12.3340000  37.0000000   9.9860000  10.5700000  37.3570000   9.3000000
  11.9510000  36.0820000   7.8760000  12.1460000  34.8690000   8.1520000
  12.2090000  36.3850000   5.7480000  12.3640000  37.4020000   5.6530000
  12.6620000  35.2500000   4.1990000  11.3840000  34.6230000   3.9240000
  13.0750000  35.7450000   2.4240000  11.7760000  36.2050000   2.0910000
  14.5640000  36.9490000   2.7760000  14.0180000  37.8500000   3.8330000
  15.9020000  36.5720000   3.2690000  14.8390000  37.2890000   1.4790000
  13.5060000  34.5100000   0.7560000  12.4120000  33.7190000   0.7010000
  13.4500000  34.9110000  -0.4770000  15.4410000  33.7970000   0.7940000
  16.5930000  34.5830000   0.8280000  15.5290000  33.3590000   2.0370000
  15.5960000  32.9360000  -0.4550000  14.1490000  34.2780000   4.6650000
  13.9420000  33.0050000   3.9850000  15.5260000  34.8330000   5.5650000
  16.4190000  36.1380000   5.6730000  15.5970000  36.9740000   6.2680000
  16.7960000  36.3250000   4.4190000  18.0380000  35.9590000   6.7900000
  17.7520000  36.2760000   8.1280000  19.1120000  36.5410000   6.4280000
  18.4540000  34.4000000   6.4160000  18.9630000  34.0390000   7.5450000
  19.3860000  34.1750000   5.3920000  16.6980000  33.7300000   5.8850000
  16.8990000  33.0760000   4.6800000  16.0590000  32.8310000   7.1350000
  16.5970000  31.6280000   6.9420000  14.8200000  33.1950000   8.2230000
  15.2660000  34.5380000   8.7720000  14.8020000  35.2930000   8.0980000
  16.4580000  34.6160000   8.7890000  14.6380000  34.6940000  10.3420000
  13.5180000  35.0850000  10.3360000  15.3190000  35.3470000  11.0390000
  14.6790000  33.2460000  10.8570000  13.7510000  33.0800000  11.5650000
  15.7000000  33.0560000  11.4350000  14.5820000  32.3350000   9.4340000
  15.5190000  31.6580000   9.4470000  13.2180000  31.4720000   9.3890000
  12.1710000  31.7260000   8.5670000  13.0380000  30.6270000  10.3480000
  13.9250000  30.2460000  10.7500000  11.7660000  30.0360000  10.7870000
  10.9630000  30.7960000  10.8210000  11.3380000  28.8740000   9.8640000
  11.3980000  29.1980000   8.8010000  12.0180000  28.0150000  10.0330000
   9.8630000  28.4860000  10.2210000   9.1250000  29.2980000  10.9070000
   9.4570000  27.3660000   9.8090000  11.9920000  29.4280000  12.1990000
  13.1650000  29.2180000  12.6380000  10.7740000  28.9110000  13.3490000
   9.7880000  29.0910000  13.2330000  11.2310000  28.2240000  14.5250000
  12.2990000  28.2630000  14.5730000  10.6330000  28.7700000  15.8320000
  11.0760000  28.2440000  16.6560000  10.8710000  29.8160000  15.9050000
   9.1140000  28.6100000  15.9180000   8.8390000  27.5990000  15.6820000
   8.7770000  28.8520000  16.9100000   8.4890000  29.5660000  14.9120000
   7.4330000  29.2850000  14.3480000   9.1560000  30.7320000  14.6820000
   8.7870000  31.4040000  14.0240000  10.0200000  30.9240000  15.1680000
  10.7810000  26.8030000  14.3850000   9.5970000  26.5290000  14.1760000
  11.7490000  25.9510000  14.5870000  12.7230000  26.0900000  14.8440000
  11.2310000  24.6320000  14.3330000  10.1840000  24.7140000  14.0940000
  11.9520000  23.9020000  13.1820000  11.8800000  24.5150000  12.3000000
  12.9910000  23.7770000  13.4480000  11.3600000  22.5180000  12.8730000
  11.4510000  21.8740000  13.7330000  10.3170000  22.6170000  12.6090000
  12.1430000  21.9250000  11.7060000  11.9590000  20.7520000  11.3600000
  13.0410000  22.7530000  11.0870000  13.5900000  22.4110000  10.3070000
  13.1600000  23.7090000  11.4070000  11.3750000  23.7880000  15.5640000
  12.3450000  23.9180000  16.3170000  10.3120000  22.7710000  15.7990000
   9.4260000  22.7280000  15.2950000  10.5550000  21.8460000  16.8700000
  11.6050000  21.5920000  16.8950000  10.1170000  22.3710000  18.2640000
  10.3020000  21.6050000  18.9950000  10.7040000  23.2420000  18.5130000
   8.6240000  22.7470000  18.3030000   8.4480000  23.5070000  17.5640000
   8.0460000  21.8720000  18.0490000   8.1300000  23.2790000  19.6650000
   8.0760000  22.4810000  20.3830000   8.7950000  24.0450000  20.0390000
   6.7630000  23.8410000  19.4070000   6.6410000  24.8390000  19.2900000
   5.6730000  23.0100000  19.3270000   5.8110000  21.6840000  19.6230000
   6.7190000  21.3190000  19.9100000   5.0060000  21.0670000  19.5530000
   4.4530000  23.5060000  18.9250000   4.3560000  24.4870000  18.6980000
   3.6440000  22.8920000  18.8560000   9.7510000  20.6230000  16.5620000
   8.8620000  20.6290000  15.6950000   9.8890000  19.4980000  17.2380000
  10.6500000  19.4350000  17.9270000   9.0530000  18.3620000  16.9300000
   8.6040000  18.4790000  15.9490000   9.8140000  17.0010000  16.9800000
  10.3080000  16.9230000  17.9470000   9.0870000  16.2050000  16.8610000
  10.8940000  16.8340000  15.8700000  10.3920000  17.0070000  14.9240000
  12.0120000  17.9020000  16.0230000  11.5560000  18.9180000  15.9490000
  12.5170000  17.8000000  17.0130000  12.7640000  17.7530000  15.2150000
  11.4610000  15.3830000  15.8140000  11.9330000  15.1400000  16.7950000
  10.6270000  14.6750000  15.5960000  12.2290000  15.2950000  15.0130000
   7.9600000  18.3430000  17.9630000   8.1640000  18.7350000  19.1330000
   6.7670000  17.6950000  17.5350000   6.6370000  17.3810000  16.5640000
   5.6430000  17.6070000  18.4500000   5.9020000  18.0820000  19.3990000
   4.3570000  18.2340000  17.8880000   4.2360000  17.8740000  16.8660000
   3.0950000  17.8040000  18.6880000   2.9950000  16.7000000  18.6270000
   3.2080000  18.1280000  19.7550000   2.1770000  18.2760000  18.2540000
   4.5400000  19.7720000  17.8500000   4.6280000  20.1470000  18.8730000
   5.4610000  19.9790000  17.3120000   3.3690000  20.5200000  17.1660000
   3.2680000  20.1590000  16.1090000   2.4130000  20.3310000  17.7120000
   3.5820000  21.6080000  17.1840000   5.4720000  16.1320000  18.6310000
   6.0660000  15.3490000  17.8480000   4.6800000  15.7210000  19.7010000
   4.2400000  16.3890000  20.3600000   4.5550000  14.3020000  19.9130000
   5.5420000  13.8740000  20.1240000   3.5400000  13.9400000  21.0460000
   2.6290000  14.5460000  20.9540000   3.2780000  12.8950000  20.9430000
   4.1760000  14.1950000  22.4120000   4.2230000  15.4710000  22.9790000
   3.7950000  16.3140000  22.4320000   4.8130000  15.6800000  24.2430000
   4.8550000  16.6920000  24.6810000   5.3500000  14.6220000  24.9560000
   5.8070000  14.7950000  25.9540000   5.3040000  13.3440000  24.3970000
   5.7300000  12.5020000  24.9470000   4.7130000  13.1400000  23.1340000
   4.6700000  12.1270000  22.6990000   3.9850000  13.6900000  18.6300000
   4.5790000  12.7390000  18.0590000   2.7130000  14.3080000  18.1260000
   2.2790000  15.1000000  18.6450000   2.1140000  13.8370000  16.8600000
   1.9290000  12.7710000  16.8940000   0.7670000  14.5850000  16.5090000
   0.0060000  14.4350000  17.3160000   0.9720000  15.6760000  16.4280000
   0.3590000  14.1810000  15.5300000   3.1260000  14.1070000  15.7620000
   3.3520000  13.2670000  14.8360000   3.8950000  15.3130000  15.8870000
   3.6630000  15.9260000  16.6880000   4.8620000  15.7730000  14.9130000
   5.7720000  16.1250000  15.4180000   5.1220000  14.9680000  14.2110000
   4.1860000  16.9050000  14.1770000   3.2910000  16.6820000  13.3220000
   4.6690000  18.1020000  14.4380000   5.4260000  18.2220000  15.1340000
   4.1370000  19.2770000  13.7830000   4.0270000  19.0500000  12.7210000
   2.7450000  19.7710000  14.3510000   2.8430000  19.9280000  15.4290000
   2.4870000  20.7130000  13.8950000   1.5790000  18.7590000  14.0690000
   1.3110000  18.7980000  13.0150000   1.9470000  17.7620000  14.2880000
   0.2780000  19.0320000  14.9060000   0.5410000  18.9950000  15.9620000
  -0.0980000  20.0260000  14.6850000  -0.8690000  18.0040000  14.6080000
  -1.2030000  18.0910000  13.5760000  -0.4840000  16.9980000  14.7560000
  -2.0490000  18.2630000  15.5250000  -1.7390000  18.1780000  16.5020000
  -2.4180000  19.2110000  15.3850000  -2.8010000  17.5760000  15.3170000
   5.1740000  20.3950000  13.9830000   6.2960000  20.1540000  14.5050000
   5.0460000  21.6340000  13.3940000   4.1410000  21.7810000  12.9400000
   5.9380000  22.7780000  13.5740000   6.8830000  22.4200000  13.9650000
   6.2040000  23.5160000  12.2530000   5.2580000  23.8620000  11.8470000
   6.8470000  24.3670000  12.4540000   6.8870000  22.5990000  11.2190000
   7.8740000  22.3120000  11.5710000   6.2890000  21.7100000  11.0520000
   7.0030000  23.3870000   9.9260000   7.4640000  22.8610000   8.9060000
   6.5610000  24.6900000   9.9660000   6.6080000  25.2680000   9.1370000
   6.1850000  25.0800000  10.8260000   5.3530000  23.7860000  14.5630000
   4.2050000  23.6270000  14.9950000   6.0180000  24.7810000  14.8770000
   6.8640000  24.9980000  14.3590000   5.5670000  25.6810000  15.9320000
   4.8600000  25.1590000  16.5480000   6.7290000  26.1730000  16.8330000
   7.2480000  25.3160000  17.2270000   7.4070000  26.7490000  16.2290000
   6.2550000  27.0490000  18.0210000   5.6390000  27.8290000  17.6130000
   5.3640000  26.2350000  18.9770000   4.4760000  25.8650000  18.4280000
   5.9430000  25.3800000  19.3710000   5.0360000  26.8780000  19.8190000
   7.4430000  27.7290000  18.7450000   8.1320000  26.9590000  19.1360000
   7.9860000  28.3710000  18.0320000   7.0600000  28.3430000  19.5850000
   4.8850000  26.8950000  15.3700000   5.4520000  27.6240000  14.5550000
   3.5060000  27.0340000  15.9410000   3.1270000  26.4270000  16.6630000
   2.7430000  28.1580000  15.4700000   3.2990000  28.6200000  14.6650000
   1.3220000  27.8060000  14.9350000   0.8120000  27.2060000  15.6770000
   0.7630000  28.7140000  14.7780000   1.3820000  27.0280000  13.5970000
   1.8920000  27.6150000  12.8450000   1.9220000  26.1060000  13.7440000
  -0.0570000  26.7320000  13.1290000  -1.0250000  27.0870000  13.8810000
  -0.2050000  26.1470000  12.0040000   2.6110000  29.1470000  16.6010000
   2.6300000  28.7960000  17.7960000   2.3970000  30.2180000  16.1870000
   2.3990000  30.3570000  15.1680000   2.3310000  31.3760000  17.0680000
   3.0470000  31.3030000  17.8840000   2.5450000  32.6930000  16.2920000
   1.8160000  32.7550000  15.4820000   2.4240000  33.5330000  16.9760000
   3.9840000  32.6980000  15.7030000   4.8030000  31.8350000  16.1300000
   4.2830000  33.5690000  14.8260000   0.9040000  31.3770000  17.6030000
   0.2160000  30.3530000  17.5100000   0.2440000  32.3700000  18.3740000
   0.9020000  33.0910000  18.6850000  -1.1840000  32.4870000  18.6950000
  -1.4140000  33.5250000  18.8690000  -1.7670000  32.1180000  17.8450000
  -1.5790000  31.7140000  19.9360000  -2.5910000  32.0390000  20.5990000
  -0.7690000  30.6810000  20.2670000   0.0530000  30.4200000  19.6960000
  -1.1270000  29.9260000  21.4550000  -1.9150000  30.4300000  22.0200000
  -1.5610000  28.4690000  21.1410000  -0.7420000  27.9790000  20.6030000
  -1.7460000  27.9730000  22.0890000  -2.8590000  28.3610000  20.2680000
  -2.6020000  28.6240000  19.2390000  -3.2200000  27.3430000  20.2860000
  -4.0130000  29.2760000  20.7680000  -3.6580000  30.2960000  20.8220000
  -4.8670000  29.2020000  20.0810000  -4.4300000  28.8240000  22.1530000
  -3.9290000  29.1750000  22.9880000  -5.4880000  27.9340000  22.2940000
  -6.1800000  27.4760000  21.1670000  -5.9080000  27.7940000  20.2290000
  -6.9650000  26.8200000  21.2710000  -5.8560000  27.5080000  23.5640000
  -5.3440000  27.8490000  24.3970000  -6.6400000  26.8510000  23.6700000
   0.1480000  29.8900000  22.2740000   1.2050000  30.3240000  21.7710000
  -0.0370000  29.3740000  23.6190000  -0.9280000  29.0060000  23.9580000
   1.1500000  29.3440000  24.4640000   1.7170000  30.2420000  24.3070000
   0.8470000  29.2210000  25.9510000   0.1250000  29.9720000  26.2360000
   0.2390000  27.8320000  26.2240000  -0.7050000  27.7120000  25.6370000
   0.9700000  27.0540000  25.9170000   0.0150000  27.7380000  27.3130000
   2.0530000  29.4080000  26.7170000   1.8510000  29.3270000  27.6650000
   2.0050000  28.1750000  24.0430000   1.4950000  27.1830000  23.5010000
   3.3380000  28.2820000  24.2240000   3.6910000  29.1070000  24.7010000
   4.2690000  27.2400000  23.8480000   4.2040000  27.0590000  22.7830000
   5.7380000  27.5750000  24.2320000   6.0190000  28.4810000  23.7300000
   5.7880000  27.7250000  25.3050000   6.7570000  26.4730000  23.8390000
   6.3700000  25.5520000  24.2220000   6.8570000  26.3120000  22.2990000
   5.8590000  26.0400000  21.8880000   7.1900000  27.2620000  21.8510000
   7.5930000  25.5180000  22.0530000   8.1370000  26.7010000  24.5160000
   8.5470000  27.6740000  24.1990000   8.0150000  26.6970000  25.6220000
   8.8390000  25.8960000  24.2130000   3.8950000  25.9970000  24.5940000
   3.8760000  24.9010000  24.0230000   3.5730000  26.1890000  26.0100000
   3.5630000  27.1260000  26.4010000   3.2570000  25.0920000  26.8840000
   4.0820000  24.3930000  26.8810000   2.9810000  25.5650000  28.3420000
   3.8750000  26.0340000  28.7450000   2.1600000  26.2720000  28.3420000
   2.6330000  24.4580000  29.1590000   2.4620000  24.7610000  30.0680000
   1.9970000  24.4080000  26.3940000   1.8390000  23.2000000  26.5660000
   1.1320000  25.1980000  25.7870000   1.3300000  26.1760000  25.6300000
  -0.1620000  24.6660000  25.3610000  -0.6670000  24.2310000  26.2160000
  -1.0850000  25.7430000  24.7320000  -1.1970000  26.5630000  25.4380000
  -0.6330000  26.0950000  23.8080000  -2.4840000  25.1490000  24.4190000
  -2.7410000  23.9770000  24.8060000  -3.3150000  25.8630000  23.7710000
   0.0620000  23.6170000  24.2890000  -0.6300000  22.5910000  24.2770000
   1.1040000  23.9160000  23.2950000   1.6490000  24.7660000  23.3980000
   1.4320000  23.0120000  22.2110000   0.5180000  22.7250000  21.7030000
   2.4220000  23.5970000  21.1730000   3.2990000  23.9810000  21.6850000
   2.7230000  22.8310000  20.4700000   1.7320000  24.7000000  20.4340000
   1.6690000  25.9700000  20.9750000   2.1240000  26.1750000  21.9530000
   1.0330000  26.9820000  20.2830000   0.9860000  27.9790000  20.7180000
   0.4580000  26.7300000  19.0410000  -0.1930000  27.7680000  18.3300000
  -0.5360000  27.4260000  17.4870000   0.5180000  25.4650000  18.4940000
   0.0640000  25.2610000  17.5160000   1.1550000  24.4570000  19.1900000
   1.2020000  23.4600000  18.7530000   2.0840000  21.7920000  22.7860000
   2.8280000  21.8660000  23.7820000   1.6730000  20.7960000  22.1690000
   1.0360000  20.7920000  21.3610000   2.2120000  19.5710000  22.6910000
   2.2370000  19.6420000  23.7770000   1.3970000  18.3110000  22.2610000
   0.3220000  18.5100000  22.3290000   1.6510000  18.0160000  21.2390000
   1.7960000  17.2050000  23.2370000   2.6560000  17.4190000  24.1280000
   1.1690000  15.9960000  23.0690000   1.4010000  15.2310000  23.6910000
   0.4700000  15.8640000  22.3240000   3.6380000  19.4020000  22.1760000
   3.9120000  18.6070000  21.2450000   4.6090000  20.1470000  22.8040000
   4.3000000  20.7850000  23.5450000   6.0180000  20.0690000  22.4680000
   6.1460000  20.0750000  21.3920000   6.8730000  21.1430000  23.1220000
   7.8950000  21.0130000  22.7780000   6.3570000  22.5110000  22.6270000
   6.4470000  22.5540000  21.5170000   5.2850000  22.6440000  22.9170000
   6.9680000  23.3150000  23.0930000   6.8680000  21.0110000  24.6750000
   7.2380000  20.0290000  24.9220000   7.5390000  21.7540000  25.0930000
   5.4730000  21.1980000  25.3300000   5.0780000  22.2050000  25.1010000
   4.7700000  20.4360000  24.9250000   5.5650000  21.0880000  26.4350000
   6.4760000  18.7620000  23.0240000   5.9400000  18.3330000  24.0570000
   7.3830000  18.1100000  22.3310000   7.7660000  18.4580000  21.4540000
   7.8020000  16.8270000  22.8350000   6.9320000  16.1840000  22.8980000
   8.9230000  16.1180000  21.9830000   9.7600000  16.8000000  21.8760000
   9.2640000  15.2450000  22.5150000   8.4440000  15.6720000  20.5620000
   7.6160000  14.9740000  20.6410000   8.1100000  16.5300000  20.0020000
   9.6490000  14.9960000  19.8450000  10.4980000  15.6630000  19.2390000
   9.7320000  13.6320000  19.9200000  10.5120000  13.1300000  19.4640000
   9.0140000  13.1210000  20.4310000   8.3650000  17.0870000  24.2260000
   9.3800000  17.7930000  24.4160000   7.7220000  16.4680000  25.2160000
   6.9720000  15.8050000  25.0150000   8.1210000  16.7540000  26.5890000
   8.0520000  17.8140000  26.7660000   7.2590000  16.0390000  27.6600000
   7.3260000  14.9770000  27.4760000   7.6650000  16.2700000  28.6490000
   5.7590000  16.4600000  27.6260000   5.3310000  16.1470000  26.6690000
   5.2390000  15.9670000  28.4370000   5.5430000  17.9740000  27.7930000
   6.1030000  18.4660000  27.0100000   4.4760000  18.1870000  27.6750000
   6.0070000  18.5380000  29.1710000   5.4190000  18.0950000  29.9640000
   7.0650000  18.3040000  29.3210000   5.8130000  20.0120000  29.2110000
   6.3700000  20.4320000  28.4620000   4.8130000  20.2340000  29.0710000
   6.1220000  20.3780000  30.1270000   9.5620000  16.3210000  26.7690000
   9.9170000  15.1510000  26.5640000  10.4360000  17.3030000  27.1700000
  10.0690000  18.2440000  27.3030000  11.8420000  17.0430000  27.4320000
  11.9450000  16.2970000  28.2010000  12.6440000  16.6100000  26.1640000
  13.6690000  16.3850000  26.4640000  12.1860000  15.7260000  25.7450000
  12.6780000  17.6800000  25.0620000  11.6640000  17.9140000  24.7340000
  13.1490000  18.5720000  25.4520000  13.4980000  17.1180000  23.8780000
  13.1120000  16.0410000  23.3300000  14.5260000  17.7650000  23.5060000
  12.4200000  18.3380000  27.9270000  11.7580000  19.3850000  27.8630000
  13.6410000  18.3480000  28.5240000  14.1420000  17.4730000  28.6610000
  14.2250000  19.5920000  28.9470000  13.7220000  20.4050000  28.4490000
  14.1890000  19.8170000  30.4870000  13.1580000  19.8160000  30.8260000
  14.7400000  19.0260000  30.9780000  14.7850000  21.0660000  30.8240000
  14.7580000  21.1970000  31.7870000  15.6720000  19.5470000  28.5350000
  16.3650000  18.5430000  28.7540000  16.1500000  20.6710000  27.9950000
  17.1370000  20.6700000  27.7430000  15.3580000  21.8370000  27.6940000
  14.6970000  22.0650000  28.5170000  16.2190000  23.0270000  27.3800000
  16.8500000  23.2440000  28.2300000  17.1070000  22.6810000  26.1540000
  17.7490000  21.8090000  26.3930000  16.4610000  22.4430000  25.2820000
  17.7460000  23.5440000  25.9090000  15.4060000  24.1650000  27.0860000
  15.9730000  24.9140000  26.8880000  14.5590000  21.5360000  26.4530000
  14.8440000  20.5690000  25.7320000  13.5050000  22.3420000  26.1990000
  13.2710000  23.0940000  26.8450000  12.7270000  22.1540000  24.9930000
  12.4810000  21.1190000  24.8600000  11.4410000  23.0250000  24.9440000
  11.7290000  24.0550000  25.0430000  10.9590000  22.8710000  23.9850000
  10.4170000  22.7040000  26.0650000  10.8930000  22.9340000  27.0090000
   9.1570000  23.6040000  25.9600000   9.4550000  24.6610000  26.0580000
   8.6680000  23.4430000  24.9740000   8.4470000  23.3520000  26.7720000
  10.0730000  21.2030000  26.0830000   9.6340000  20.9110000  25.1030000
  11.0000000  20.6150000  26.2640000   9.3410000  21.0080000  26.8920000
  13.6300000  22.6110000  23.8900000  14.4240000  23.5330000  24.0920000
  13.5670000  21.9240000  22.7240000  12.9350000  21.1580000  22.5320000
  14.4870000  22.4030000  21.7290000  15.0750000  23.1840000  22.1690000
  15.4490000  21.3180000  21.1890000  14.8720000  20.4580000  20.9030000
  15.9640000  21.7030000  20.3230000  16.4720000  20.9020000  22.2190000
  16.2470000  19.9740000  23.2190000  15.3900000  19.4600000  23.3800000
  17.4020000  19.8830000  23.9470000  17.5320000  19.2260000  24.8080000
  18.3480000  20.6850000  23.4860000  17.7590000  21.3260000  22.3980000
  18.2550000  22.0640000  21.7750000  13.7310000  22.9680000  20.5590000
  12.8570000  22.3170000  19.9780000  14.1240000  24.2260000  20.2980000
  14.7810000  24.7500000  20.8640000  13.5910000  24.8220000  19.1050000
  13.1100000  24.0700000  18.5120000  12.6020000  25.9750000  19.3710000
  13.0840000  26.6970000  20.0070000  12.3520000  26.4320000  18.4310000
  11.2950000  25.5160000  20.0550000  10.9030000  24.7100000  19.4650000
  11.5660000  24.9570000  21.4620000  12.2480000  24.0920000  21.3890000
  12.0300000  25.7380000  22.0890000  10.6130000  24.6400000  21.9190000
  10.2310000  26.6290000  20.0530000  10.6190000  27.5070000  20.5980000
   9.9990000  26.9120000  19.0120000   9.3140000  26.2670000  20.5470000
  14.7560000  25.3760000  18.3510000  15.7090000  25.8780000  18.9480000
  14.6940000  25.2580000  17.2610000  13.9490000  24.8210000  16.7350000
  15.8800000  25.7200000  16.6010000  16.5990000  26.0200000  17.3350000
  16.4990000  24.6960000  15.6910000  16.7130000  23.8130000  16.2620000
  15.4830000  24.3370000  14.5910000  14.5720000  23.9250000  15.0550000
  15.2280000  25.2440000  14.0170000  15.9240000  23.5870000  13.9150000
  17.8240000  25.2620000  15.1440000  17.6240000  26.1910000  14.5850000
  18.5040000  25.4770000  15.9840000  18.2930000  24.5220000  14.4740000
  15.5110000  26.8960000  15.7600000  14.5160000  26.8760000  15.0360000
  16.2720000  28.0900000  16.0390000  16.9990000  28.1140000  16.7500000
  15.9890000  29.2530000  15.2570000  14.9990000  29.1840000  14.8390000
  16.1400000  30.5680000  16.0620000  15.4600000  30.5280000  16.9010000
  17.1560000  30.6270000  16.4240000  15.8440000  31.8580000  15.2680000
  15.8610000  32.6640000  15.9790000  16.9340000  32.1650000  14.2150000
  17.9120000  32.2930000  14.7210000  16.9970000  31.3310000  13.4910000
  16.6750000  33.0920000  13.6790000  14.4170000  31.8170000  14.6690000
  14.3260000  30.9540000  13.9840000  13.6750000  31.7220000  15.4880000
  14.2300000  32.7470000  14.1080000  17.0110000  29.2240000  14.1640000
  18.2120000  29.3990000  14.4090000  16.8590000  28.5170000  13.2490000
  15.8480000  28.5820000  13.0720000  17.7690000  28.3200000  12.1530000
  18.7800000  28.5980000  12.4470000  17.7450000  26.8620000  11.6420000
  16.7230000  26.6110000  11.3470000  18.3960000  26.8100000  10.7810000
  18.2250000  25.8230000  12.6960000  19.2740000  26.0230000  12.9270000
  17.6300000  25.9340000  13.5900000  18.0900000  24.3620000  12.2310000
  18.3860000  23.6810000  13.0330000  17.0580000  24.1530000  11.9380000
  19.0040000  24.2060000  11.0540000  18.6300000  24.3040000  10.1050000
  20.3470000  23.9310000  11.2610000  20.8520000  23.8030000  12.5450000
  20.2320000  23.9140000  13.3420000  21.8460000  23.5980000  12.6970000
  21.1850000  23.7790000  10.1830000  20.8100000  23.8720000   9.2340000
  22.1790000  23.5740000  10.3350000  17.3070000  29.1930000  11.0030000
  16.1500000  29.6530000  10.9630000  19.3670000  29.9650000  10.7080000
  20.3780000  29.8470000  11.1100000  19.1760000  30.5800000   9.3480000
  18.2620000  31.2360000   9.4280000  20.5180000  31.3780000   8.8330000
  21.4410000  30.7280000   8.8110000  20.3120000  31.7050000   7.7570000
  20.8780000  32.6220000   9.8230000  21.8230000  33.0960000   9.3740000
  19.6430000  33.6490000   9.8110000  19.4860000  33.9790000   8.6960000
  18.6270000  33.1810000  10.2020000  19.9330000  34.5240000  10.5270000
  21.2820000  32.2210000  11.3640000  20.3600000  31.6710000  11.8440000
  22.2460000  31.5720000  11.3090000  21.5320000  33.1320000  12.0400000
  18.8570000  29.4850000   8.2400000  19.4220000  28.3750000   8.2960000
  18.2900000  29.1420000   8.3210000  17.7350000  30.0570000   8.2020000
  18.2850000  28.1650000   6.7630000  19.2190000  27.3740000   6.9790000
  16.3850000  27.5350000   6.3260000  16.4860000  26.9060000   5.0630000
  16.0350000  26.9220000   7.3840000  14.8250000  28.5370000   6.1600000
  13.5660000  28.0160000   6.3630000  14.9940000  29.3550000   7.2130000
  14.6910000  29.1460000   4.3580000  15.8420000  29.7940000   4.1910000
  14.6450000  28.3560000   3.2550000  12.9720000  29.9440000   4.4220000
  12.3300000  30.1820000   5.6170000  12.2640000  30.3550000   2.8730000
  13.1360000  30.0470000   1.2590000  14.3080000  29.5150000   1.2100000
  12.6110000  30.3520000   0.1130000  10.6810000  31.0750000   2.9420000
  10.0360000  31.3020000   4.1380000  10.1540000  31.3810000   1.7970000
  18.9670000  28.8990000   5.2430000  20.1210000  29.8010000   5.5200000
  18.3180000  28.5200000   3.8010000  17.1270000  27.7360000   2.9790000
  19.8820000  29.4680000   2.2280000  18.7040000  30.1850000   1.5030000
  21.4580000  29.9930000   3.3770000  20.9510000  28.7040000  -0.0080000
  20.2280000  27.4910000  -0.4390000  31.3170000  32.2610000  -2.9350000
  32.4590000  33.3220000  -1.1830000  34.5920000  32.5210000  -7.0640000
  38.6560000  33.2330000  -5.6190000  33.0910000  31.2520000  -8.1180000
  34.3030000  33.6140000 -12.0350000  32.7410000  32.9720000 -16.5370000
  35.6710000  35.1090000 -11.3880000
