ala 74.03125 
val 102.0 102.21875 101.9375 
leu 115.625 116.65625 116.703125 116.21875 116.40625 
ile 116.296875 116.234375 116.203125 116.421875 116.265625 116.3125 116.109375 
phe 145.04688 145.78125 145.4375 145.39062 
tyr 155.3125 155.90625 155.96875 155.60938 
trp 173.59375 174.21875 174.46875 173.64062 173.65625 173.78125 174.20312 
cys 124.15625 124.859375 125.28125 
met 147.6875 147.84375 146.6875 146.10938 147.84375 147.71875 147.84375 147.67188 148.03125 148.125 146.9375 146.32812 146.40625 
ser 85.015625 84.5 84.6875 
thr 98.859375 98.625 98.828125 
lys 127.921875 128.26562 128.4375 128.125 127.984375 128.29688 128.5625 128.23438 128.1875 128.375 128.29688 128.42188 128.45312 128.0 128.0625 128.04688 128.45312 128.21875 128.625 128.375 128.70312 128.60938 128.1875 128.15625 128.04688 128.1875 128.23438 
arg 148.07812 148.6875 148.4375 149.01562 148.5625 148.5625 148.84375 148.14062 148.375 148.70312 148.51562 148.6875 148.95312 149.1875 149.03125 148.95312 148.875 148.25 148.51562 148.6875 148.6875 148.64062 148.59375 148.82812 148.75 149.1875 148.95312 148.79688 148.92188 149.20312 149.20312 148.53125 148.46875 148.84375 
his 128.21875 128.09375 128.03125 128.01562 128.5 128.34375 128.39062 128.40625 
asp 105.5625 105.53125 106.3125 107.203125 107.046875 
glu 121.328125 119.078125 121.21875 121.203125 119.59375 120.078125 121.5625 121.375 
asn 106.546875 106.3125 107.15625 107.953125 107.4375 107.890625 107.71875 
gln 122.015625 119.46875 122.375 121.921875 121.78125 121.0 122.046875 122.15625 122.421875 
gly 59.34375 
