1 1 1
2 9.090909e-02 0
3 3.636364e-01 0
4 3.636364e-01 0
5 1 1
6 5.454545e-01 0
7 1 1
8 9.090909e-01 1
9 8.181818e-01 1
10 1 1
11 7.272727e-01 0
12 1.818182e-01 1
13 4.545455e-01 1
14 3.636364e-01 1
15 6.363636e-01 1
16 3.636364e-01 0
17 1.818182e-01 0
18 1.818182e-01 0
19 3.636364e-01 1
20 9.090909e-01 1
21 2.727273e-01 1
22 7.272727e-01 1
23 1 1
24 4.545455e-01 1
25 8.181818e-01 1
26 6.363636e-01 1
27 7.272727e-01 1
28 7.272727e-01 1
29 1 1
30 1 1
31 8.181818e-01 1
32 1 1
33 1 1
34 8.181818e-01 1
35 6.363636e-01 1
36 5.454545e-01 1
37 2.727273e-01 0
38 3.636364e-01 1
39 4.545455e-01 1
40 1 1
41 6.363636e-01 1
42 8.181818e-01 1
43 1 1
44 4.545455e-01 1
45 2.727273e-01 0
46 4.545455e-01 1
47 9.090909e-02 1
48 6.363636e-01 1
49 5.454545e-01 0
50 1.818182e-01 0
51 2.727273e-01 0
52 9.090909e-02 0
53 6.363636e-01 1
54 2.727273e-01 0
55 6.363636e-01 1
56 1 1
57 9.090909e-02 1
58 7.272727e-01 1
59 4.545455e-01 1
60 1.818182e-01 1
61 2.727273e-01 0
62 3.636364e-01 0
63 2.727273e-01 0
64 4.545455e-01 1
65 2.727273e-01 1
66 3.636364e-01 1
67 8.181818e-01 1
68 7.272727e-01 1
69 7.272727e-01 1
70 6.363636e-01 1
