1 9.454545e-01 1
2 2.909091e-01 0
3 2.909091e-01 1
4 2.000000e-01 1
5 1 1
6 3.272727e-01 0
7 5.636364e-01 1
8 5.090909e-01 1
9 7.454545e-01 1
10 1 1
11 2.545455e-01 0
12 3.272727e-01 0
13 5.818182e-01 1
14 5.818182e-01 1
15 3.818182e-01 1
16 6.000000e-01 0
17 2.181818e-01 0
18 5.818182e-01 1
19 8.363636e-01 1
20 8.000000e-01 1
21 3.454545e-01 1
22 8.000000e-01 1
23 1 1
24 5.090909e-01 1
25 8.909091e-01 1
26 3.090909e-01 1
27 6.000000e-01 1
28 4.727273e-01 1
29 9.636364e-01 1
30 1 1
31 8.000000e-01 1
32 1 1
33 1 1
34 8.363636e-01 1
35 7.454545e-01 1
36 4.909091e-01 1
37 2.000000e-01 0
38 2.363636e-01 0
39 5.090909e-01 1
40 1 1
41 7.272727e-01 1
42 8.909091e-01 1
43 1 1
44 5.272727e-01 1
45 1.818182e-01 0
46 3.454545e-01 1
47 1.272727e-01 1
48 4.000000e-01 1
49 3.272727e-01 0
50 2.181818e-01 0
51 4.909091e-01 0
52 6.000000e-01 1
53 4.363636e-01 1
54 2.727273e-01 1
55 3.818182e-01 0
56 1 1
57 1.090909e-01 0
58 8.727273e-01 1
59 5.454545e-01 1
60 2.909091e-01 1
61 2.181818e-01 0
62 2.363636e-01 0
63 2.909091e-01 0
64 1.636364e-01 0
65 1.818182e-01 0
66 3.454545e-01 1
67 7.454545e-01 1
68 5.636364e-01 1
69 6.545455e-01 1
70 4.545455e-01 1
