1 8.909091e-01 1
2 2.727273e-01 0
3 2.545455e-01 0
4 2.181818e-01 0
5 1 1
6 3.636364e-01 0
7 6.909091e-01 1
8 7.272727e-01 1
9 8.000000e-01 1
10 1 1
11 3.454545e-01 1
12 2.727273e-01 0
13 6.909091e-01 1
14 6.181818e-01 1
15 5.090909e-01 1
16 4.363636e-01 0
17 1.272727e-01 0
18 5.090909e-01 1
19 8.545455e-01 1
20 6.181818e-01 1
21 1.818182e-01 1
22 6.000000e-01 1
23 1 1
24 3.636364e-01 0
25 8.545455e-01 1
26 3.454545e-01 1
27 5.090909e-01 1
28 4.000000e-01 0
29 9.272727e-01 1
30 1 1
31 5.818182e-01 1
32 8.181818e-01 1
33 1 1
34 6.727273e-01 1
35 5.818182e-01 1
36 3.454545e-01 1
37 1.454545e-01 0
38 1.818182e-01 0
39 4.727273e-01 1
40 1 1
41 6.909091e-01 1
42 8.727273e-01 1
43 1 1
44 3.090909e-01 0
45 1.818182e-01 0
46 4.363636e-01 1
47 1.272727e-01 0
48 2.727273e-01 0
49 2.909091e-01 0
50 3.090909e-01 0
51 4.363636e-01 0
52 5.818182e-01 1
53 5.818182e-01 1
54 2.545455e-01 1
55 3.454545e-01 0
56 1 1
57 2.000000e-01 0
58 7.818182e-01 1
59 3.818182e-01 1
60 4.727273e-01 1
61 1.636364e-01 0
62 2.363636e-01 0
63 3.454545e-01 0
64 1.818182e-01 0
65 1.272727e-01 0
66 2.363636e-01 1
67 7.090909e-01 1
68 4.181818e-01 1
69 5.454545e-01 1
70 4.000000e-01 1
