#  Raw data from FIRST5
#  FIRST num    orig num       rigid    stressed   coll mode
# --------------------------------------------------------------------
           1           1           4           0           1
           2           2           4           0           1
           3           3           4           0           1
           4           4           4           0           1
           5           5           4           0           1
           6           6           4           0           1
           7           7           4           0           1
           8           8           4           0           1
           9           9           4           0           1
          10          10           4           0           1
          11          11           4           0           1
          12          12           4           0           1
          13          13           4           0           1
          14          14          22           0           0
          15          15          22           0           0
          16          16          22           0           0
          17          17          22           0           0
          18          18          23           0           1
          19          19          23           0           1
          20          20          23           0           1
          21          21          23           0           1
          22          22         244           0           1
          23          23         244           0           1
          24          24         112           0           0
          25          25         112           0           0
          26          26         112           0           0
          27          27         113           0           0
          28          28         113           0           0
          29          29         113           0           0
          30          30          14           0           0
          31          31          14           0           0
          32          32          14           0           0
          33          33          14           0           0
          34          34          14           0           0
          35          35         114           0           1
          36          36         339           0           1
          37          37         114           0           1
          38          38         114           0           1
          39          39         245           0           1
          40          40         245           0           1
          41          41         246           0           1
          42          42         246           0           1
          43          43          24           0           1
          44          44          24           0           1
          45          45          24           0           1
          46          46          24           0           1
          47          47         115           0           1
          48          48         115           0           1
          49          49         115           0           1
          50          50          25           0           1
          51          51          25           0           1
          52          52          25           0           1
          53          53          25           0           1
          54          54         116           0           1
          55          55         116           0           1
          56          56         116           0           1
          57          57         340           0           1
          58          58         247           0           1
          59          59         247           0           1
          60          60         117           0           1
          61          61         117           0           1
          62          62         117           0           1
          63          63           6           3           1
          64          64           6           3           1
          65          65           6           0           1
          66          66           6           3           1
          67          67           6           0           1
          68          68           6           3           1
          69          69           6           0           1
          70          70           6           3           1
          71          71           6           0           1
          72          72           6           3           1
          73          73           6           0           1
          74          74         118           0           1
          75          75         341           0           1
          76          76         118           0           1
          77          77         118           0           1
          78          78         248           0           1
          79          79         248           0           1
          80          80         249           0           1
          81          81         249           0           1
          82          82          26           0           1
          83          83          26           0           1
          84          84          26           0           1
          85          85          26           0           1
          86          86          27           0           1
          87          87          27           0           1
          88          88          27           0           1
          89          89          27           0           1
          90          90         119           0           1
          91          91         119           0           1
          92          92         119           0           1
          93          93         342           0           1
          94          94         250           0           1
          95          95         250           0           1
          96          96         120           0           1
          97          97         120           0           1
          98          98         120           0           1
          99          99         121           0           0
         100         100         121           0           0
         101         101         121           0           0
         102         102         122           0           0
         103         103         122           0           0
         104         104         122           0           0
         105         105         123           0           0
         106         106         123           0           0
         107         107         123           0           0
         108         108          28           0           0
         109         109          28           0           0
         110         110          28           0           0
         111         111          28           0           0
         112         112         124           0           1
         113         113         343           0           1
         114         114         124           0           1
         115         115         124           0           1
         116         116         251           0           1
         117         117         251           0           1
         118         118         252           0           1
         119         119         252           0           1
         120         120         253           0           1
         121         121         253           0           1
         122         122          29           0           1
         123         123          29           0           1
         124         124          29           0           1
         125         125          29           0           1
         126         126          30           0           1
         127         127          30           0           1
         128         128          30           0           1
         129         129          30           0           1
         130         130         254           0           1
         131         131         254           0           1
         132         132         125           0           0
         133         133         125           0           0
         134         134         125           0           0
         135         135         255           0           0
         136         136         255           0           0
         137         137          31           0           0
         138         138          31           0           0
         139         139          31           0           0
         140         140          31           0           0
         141         141          32           0           0
         142         142          32           0           0
         143         143          32           0           0
         144         144          32           0           0
         145         145          33           0           1
         146         146          33           0           1
         147         147          33           0           1
         148         148          33           0           1
         149         149         256           0           1
         150         150         256           0           1
         151         151         257           0           0
         152         152         257           0           0
         153         153         258           0           0
         154         154         258           0           0
         155         155          34           0           0
         156         156          34           0           0
         157         157          34           0           0
         158         158          34           0           0
         159         159         126           0           1
         160         160         126           0           1
         161         161         126           0           1
         162         162         344           0           1
         163         163         127           0           1
         164         164         127           0           1
         165         165         127           0           1
         166         166          35           0           1
         167         167          35           0           1
         168         168          35           0           1
         169         169          35           0           1
         170         170         259           0           1
         171         171         259           0           1
         172         172         128           0           1
         173         173         128           0           1
         174         174         128           0           1
         175         175         129           0           1
         176         176         129           0           1
         177         177         129           0           1
         178         178         130           0           0
         179         179         130           0           0
         180         180         130           0           0
         181         181         131           0           0
         182         182         131           0           0
         183         183         131           0           0
         184         184          36           0           0
         185         185          36           0           0
         186         186          36           0           0
         187         187          36           0           0
         188         188          37           0           1
         189         189          37           0           1
         190         190          37           0           1
         191         191          37           0           1
         192         192         260           0           1
         193         193         260           0           1
         194         194         261           0           0
         195         195         261           0           0
         196         196         262           0           0
         197         197         262           0           0
         198         198          38           0           0
         199         199          38           0           0
         200         200          38           0           0
         201         201          38           0           0
         202         202          39           0           1
         203         203          39           0           1
         204         204          39           0           1
         205         205          39           0           1
         206         206         263           0           1
         207         207         263           0           1
         208         208         264           0           1
         209         209         264           0           1
         210         210          40           0           1
         211         211          40           0           1
         212         212          40           0           1
         213         213          40           0           1
         214         214         132           0           1
         215         215         132           0           1
         216         216         132           0           1
         217         217          41           0           1
         218         218          41           0           1
         219         219          41           0           1
         220         220          41           0           1
         221         221          42           0           1
         222         222          42           0           1
         223         223          42           0           1
         224         224          42           0           1
         225         225         265           0           1
         226         226         265           0           1
         227         227         266           0           1
         228         228         266           0           1
         229         229         267           0           0
         230         230         267           0           0
         231         231          43           0           1
         232         232          43           0           1
         233         233          43           0           1
         234         234          43           0           1
         235         235          44           0           1
         236         236          44           0           1
         237         237          44           0           1
         238         238          44           0           1
         239         239         268           0           1
         240         240         268           0           1
         241         241         133           0           0
         242         242         133           0           0
         243         243         133           0           0
         244         244         269           0           0
         245         245         269           0           0
         246         246          45           0           0
         247         247          45           0           0
         248         248          45           0           0
         249         249          45           0           0
         250         250          46           0           0
         251         251          46           0           0
         252         252          46           0           0
         253         253          46           0           0
         254         254          47           0           1
         255         255          47           0           1
         256         256          47           0           1
         257         257          47           0           1
         258         258         270           0           1
         259         259         270           0           1
         260         260         134           0           1
         261         261         134           0           1
         262         262         134           0           1
         263         263         135           0           1
         264         264         135           0           1
         265         265         135           0           1
         266         266         136           0           0
         267         267         136           0           0
         268         268         136           0           0
         269         269          48           0           1
         270         270          48           0           1
         271         271          48           0           1
         272         272          48           0           1
         273         273         271           0           1
         274         274         271           0           1
         275         275         272           0           1
         276         276         272           0           1
         277         277          49           0           1
         278         278          49           0           1
         279         279          49           0           1
         280         280          49           0           1
         281         281          50           0           1
         282         282          50           0           1
         283         283          50           0           1
         284         284          50           0           1
         285         285         137           0           1
         286         286         345           0           1
         287         287         137           0           1
         288         288         137           0           1
         289         289         273           0           1
         290         290         273           0           1
         291         291         138           0           1
         292         292         138           0           1
         293         293         138           0           1
         294         294         139           0           1
         295         295         139           0           1
         296         296         139           0           1
         297         297         140           0           0
         298         298         140           0           0
         299         299         140           0           0
         300         300           1           1           1
         301         301           1           1           1
         302         302           1           1           0
         303         303           1           1           0
         304         304           1           0           0
         305         305           1           1           0
         306         306           1           0           0
         307         307           1           0           0
         308         308           1           1           1
         309         309           1           0           0
         310         310           1           0           0
         311         311           1           1           1
         312         312           1           0           0
         313         313           1           0           0
         314         314           1           1           0
         315         315           1           1           0
         316         316           1           1           0
         317         317           1           0           0
         318         318           1           1           0
         319         319           1           0           0
         320         320         141           0           0
         321         321         141           0           0
         322         322         141           0           0
         323         323         274           0           0
         324         324         274           0           0
         325         325           1           1           0
         326         326           1           1           0
         327         327           1           1           0
         328         328           1           0           0
         329         329           1           1           1
         330         330           1           0           0
         331         331         142           0           1
         332         332         142           0           1
         333         333         142           0           1
         334         334         143           0           0
         335         335         143           0           0
         336         336         143           0           0
         337         337           1           1           0
         338         338           1           1           0
         339         339           1           1           0
         340         340           1           1           0
         341         341           1           1           0
         342         342           1           0           0
         343         343         275           0           0
         344         344         275           0           0
         345         345         276           0           0
         346         346         276           0           0
         347         347          51           0           0
         348         348          51           0           0
         349         349          51           0           0
         350         350          51           0           0
         351         351           1           1           0
         352         352           1           1           0
         353         353           1           1           0
         354         354           1           1           0
         355         355           1           1           0
         356         356           1           0           0
         357         357         277           0           0
         358         358         277           0           0
         359         359          52           0           0
         360         360          52           0           0
         361         361          52           0           0
         362         362          52           0           0
         363         363         144           0           0
         364         364         144           0           0
         365         365         144           0           0
         366         366          53           0           0
         367         367          53           0           0
         368         368          53           0           0
         369         369          53           0           0
         370         370           1           1           0
         371         371           1           1           0
         372         372           1           1           0
         373         373           1           1           0
         374         374           1           1           0
         375         375           1           0           0
         376         376         145           0           0
         377         377         145           0           0
         378         378         145           0           0
         379         379         146           0           0
         380         380         146           0           0
         381         381         146           0           0
         382         382         147           0           0
         383         383         147           0           0
         384         384         147           0           0
         385         385           1           1           0
         386         386           1           1           0
         387         387           1           1           0
         388         388           1           1           0
         389         389           1           1           0
         390         390           1           0           0
         391         391         148           0           0
         392         392         148           0           0
         393         393         148           0           0
         394         394          15           0           0
         395         395          15           0           0
         396         396          15           0           0
         397         397          15           0           0
         398         398          15           0           0
         399         399           1           1           0
         400         400           1           1           0
         401         401           1           1           0
         402         402           1           1           0
         403         403           1           1           1
         404         404           1           0           0
         405         405         278           0           1
         406         406         278           0           1
         407         407          54           0           1
         408         408          54           0           1
         409         409          54           0           1
         410         410          54           0           1
         411         411          55           0           1
         412         412          55           0           1
         413         413          55           0           1
         414         414          55           0           1
         415         415           1           1           0
         416         416           1           1           0
         417         417           1           1           0
         418         418           1           1           0
         419         419           1           1           0
         420         420           1           0           0
         421         421         149           0           0
         422         422         149           0           0
         423         423         149           0           0
         424         424         150           0           0
         425         425         150           0           0
         426         426         150           0           0
         427         427         151           0           0
         428         428         151           0           0
         429         429         151           0           0
         430         430         152           0           0
         431         431         152           0           0
         432         432         152           0           0
         433         433          56           0           0
         434         434          56           0           0
         435         435          56           0           0
         436         436          56           0           0
         437         437           1           1           1
         438         438         346           0           1
         439         439           1           1           0
         440         440           1           1           0
         441         441           1           1           0
         442         442           1           0           0
         443         443          57           0           0
         444         444          57           0           0
         445         445          57           0           0
         446         446          57           0           0
         447         447           1           1           0
         448         448           1           0           0
         449         449           1           1           0
         450         450           1           1           0
         451         451           1           1           0
         452         452           1           0           0
         453         453         153           0           0
         454         454         153           0           0
         455         455         153           0           0
         456         456         154           0           0
         457         457         154           0           0
         458         458         154           0           0
         459         459         155           0           0
         460         460         155           0           0
         461         461         155           0           0
         462         462         156           0           0
         463         463         156           0           0
         464         464         156           0           0
         465         465          58           0           0
         466         466          58           0           0
         467         467          58           0           0
         468         468          58           0           0
         469         469           1           1           0
         470         470           1           0           0
         471         471           1           1           1
         472         472           1           1           0
         473         473         279           0           1
         474         474         279           0           1
         475         475         280           0           0
         476         476         280           0           0
         477         477          59           0           0
         478         478          59           0           0
         479         479          59           0           0
         480         480          59           0           0
         481         481         157           0           0
         482         482         157           0           0
         483         483         157           0           0
         484         484          60           0           0
         485         485          60           0           0
         486         486          60           0           0
         487         487          60           0           0
         488         488          61           0           1
         489         489          61           0           1
         490         490          61           0           1
         491         491          61           0           1
         492         492         281           0           1
         493         493         281           0           1
         494         494         158           0           0
         495         495         158           0           0
         496         496         158           0           0
         497         497         159           0           0
         498         498         159           0           0
         499         499         159           0           0
         500         500          16           0           0
         501         501          16           0           0
         502         502          16           0           0
         503         503          16           0           0
         504         504          16           0           0
         505         505         160           0           1
         506         506         160           0           1
         507         507         160           0           1
         508         508         347           0           1
         509         509         282           0           1
         510         510         282           0           1
         511         511         161           0           0
         512         512         161           0           0
         513         513         161           0           0
         514         514         162           0           0
         515         515         162           0           0
         516         516         162           0           0
         517         517          62           0           1
         518         518          62           0           1
         519         519          62           0           1
         520         520          62           0           1
         521         521         283           0           1
         522         522         283           0           1
         523         523         163           0           0
         524         524         163           0           0
         525         525         163           0           0
         526         526         164           0           0
         527         527         164           0           0
         528         528         164           0           0
         529         529         165           0           0
         530         530         165           0           0
         531         531         165           0           0
         532         532         166           0           0
         533         533         166           0           0
         534         534         166           0           0
         535         535          63           0           0
         536         536          63           0           0
         537         537          63           0           0
         538         538          63           0           0
         539         539          64           0           1
         540         540          64           0           1
         541         541          64           0           1
         542         542          64           0           1
         543         543         284           0           1
         544         544         284           0           1
         545         545         167           0           0
         546         546         167           0           0
         547         547         167           0           0
         548         548         168           0           0
         549         549         168           0           0
         550         550         168           0           0
         551         551         169           0           0
         552         552         169           0           0
         553         553         169           0           0
         554         554          65           0           1
         555         555          65           0           1
         556         556          65           0           1
         557         557          65           0           1
         558         558         170           0           1
         559         559         170           0           1
         560         560         170           0           1
         561         561          66           0           1
         562         562          66           0           1
         563         563          66           0           1
         564         564          66           0           1
         565         565         285           0           1
         566         566         285           0           1
         567         567         286           0           0
         568         568         286           0           0
         569         569          67           0           0
         570         570          67           0           0
         571         571          67           0           0
         572         572          67           0           0
         573         573         171           0           0
         574         574         171           0           0
         575         575         171           0           0
         576         576          68           0           0
         577         577          68           0           0
         578         578          68           0           0
         579         579          68           0           0
         580         580           3           0           1
         581         581           3           0           1
         582         582           3           6           1
         583         583           3           6           1
         584         584           3           0           1
         585         585           3           6           1
         586         586           3           0           1
         587         587           3           0           1
         588         588           3           6           1
         589         589           3           0           1
         590         590           3           0           1
         591         591           3           6           1
         592         592           3           0           1
         593         593           3           0           1
         594         594           5           0           1
         595         595         348           0           1
         596         596           5           7           1
         597         597           5           7           1
         598         598           5           0           1
         599         599           5           7           1
         600         600           5           0           1
         601         601           5           0           1
         602         602           5           7           1
         603         603           5           0           1
         604         604           5           0           1
         605         605           5           7           1
         606         606           5           0           1
         607         607           5           0           1
         608         608         287           0           1
         609         609         349           0           1
         610         610         287           0           1
         611         611         350           0           1
         612         612         288           0           1
         613         613         288           0           1
         614         614         172           0           1
         615         615         172           0           1
         616         616         172           0           1
         617         617         173           0           0
         618         618         173           0           0
         619         619         173           0           0
         620         620         174           0           1
         621         621         351           0           1
         622         622         174           0           1
         623         623         174           0           1
         624         624         289           0           1
         625         625         289           0           1
         626         626         175           0           1
         627         627         175           0           1
         628         628         175           0           1
         629         629         176           0           1
         630         630         176           0           1
         631         631         176           0           1
         632         632          17           0           0
         633         633          17           0           0
         634         634          17           0           0
         635         635          17           0           0
         636         636          17           0           0
         637         637         177           0           1
         638         638         177           0           1
         639         639         177           0           1
         640         640         352           0           1
         641         641         290           0           1
         642         642         290           0           1
         643         643         178           0           1
         644         644         178           0           1
         645         645         178           0           1
         646         646         179           0           0
         647         647         179           0           0
         648         648         179           0           0
         649         649          18           0           0
         650         650          18           0           0
         651         651          18           0           0
         652         652          18           0           0
         653         653          18           0           0
         654         654         180           0           1
         655         655         353           0           1
         656         656         180           0           1
         657         657         180           0           1
         658         658         291           0           1
         659         659         291           0           1
         660         660         181           0           1
         661         661         181           0           1
         662         662         181           0           1
         663         663         182           0           0
         664         664         182           0           0
         665         665         182           0           0
         666         666         183           0           0
         667         667         183           0           0
         668         668         183           0           0
         669         669           9           0           0
         670         670           9           0           0
         671         671           9           0           0
         672         672           9           0           0
         673         673           9           0           0
         674         674           9           0           0
         675         675           9           0           0
         676         676           9           0           0
         677         677           9           0           0
         678         678          69           0           1
         679         679          69           0           1
         680         680          69           0           1
         681         681          69           0           1
         682         682         292           0           1
         683         683         292           0           1
         684         684         184           0           0
         685         685         184           0           0
         686         686         184           0           0
         687         687         293           0           0
         688         688         293           0           0
         689         689          70           0           0
         690         690          70           0           0
         691         691          70           0           0
         692         692          70           0           0
         693         693          71           0           0
         694         694          71           0           0
         695         695          71           0           0
         696         696          71           0           0
         697         697         185           0           1
         698         698         354           0           1
         699         699         185           0           1
         700         700         185           0           1
         701         701         294           0           1
         702         702         294           0           1
         703         703         295           0           1
         704         704         295           0           1
         705         705          72           0           1
         706         706          72           0           1
         707         707          72           0           1
         708         708          72           0           1
         709         709         186           0           1
         710         710         186           0           1
         711         711         186           0           1
         712         712          73           0           1
         713         713          73           0           1
         714         714          73           0           1
         715         715          73           0           1
         716         716         187           0           1
         717         717         187           0           1
         718         718         187           0           1
         719         719         355           0           1
         720         720         296           0           1
         721         721         296           0           1
         722         722         188           0           1
         723         723         188           0           1
         724         724         188           0           1
         725         725           7           4           1
         726         726           7           4           1
         727         727           7           0           1
         728         728           7           4           1
         729         729           7           0           1
         730         730           7           4           1
         731         731           7           0           1
         732         732           7           4           1
         733         733           7           0           1
         734         734           7           4           1
         735         735           7           0           1
         736         736          74           0           1
         737         737          74           0           1
         738         738          74           0           1
         739         739          74           0           1
         740         740         297           0           1
         741         741         297           0           1
         742         742          75           0           0
         743         743          75           0           0
         744         744          75           0           0
         745         745          75           0           0
         746         746          76           0           1
         747         747          76           0           1
         748         748          76           0           1
         749         749          76           0           1
         750         750         189           0           1
         751         751         189           0           1
         752         752         189           0           1
         753         753          77           0           1
         754         754          77           0           1
         755         755          77           0           1
         756         756          77           0           1
         757         757         298           0           1
         758         758         298           0           1
         759         759         190           0           1
         760         760         190           0           1
         761         761         190           0           1
         762         762         191           0           0
         763         763         191           0           0
         764         764         191           0           0
         765         765         192           0           0
         766         766         192           0           0
         767         767         192           0           0
         768         768         193           0           0
         769         769         193           0           0
         770         770         193           0           0
         771         771          78           0           0
         772         772          78           0           0
         773         773          78           0           0
         774         774          78           0           0
         775         775          79           0           1
         776         776          79           0           1
         777         777          79           0           1
         778         778          79           0           1
         779         779         299           0           1
         780         780         299           0           1
         781         781         194           0           0
         782         782         194           0           0
         783         783         194           0           0
         784         784         195           0           0
         785         785         195           0           0
         786         786         195           0           0
         787         787          19           0           0
         788         788          19           0           0
         789         789          19           0           0
         790         790          19           0           0
         791         791          19           0           0
         792         792          80           0           1
         793         793          80           0           1
         794         794          80           0           1
         795         795          80           0           1
         796         796         300           0           1
         797         797         300           0           1
         798         798         196           0           1
         799         799         196           0           1
         800         800         196           0           1
         801         801         301           0           1
         802         802         301           0           1
         803         803          81           0           1
         804         804          81           0           1
         805         805          81           0           1
         806         806          81           0           1
         807         807          82           0           1
         808         808          82           0           1
         809         809          82           0           1
         810         810          82           0           1
         811         811          83           0           1
         812         812          83           0           1
         813         813          83           0           1
         814         814          83           0           1
         815         815         302           0           1
         816         816         302           0           1
         817         817         197           0           0
         818         818         197           0           0
         819         819         197           0           0
         820         820         198           0           0
         821         821         198           0           0
         822         822         198           0           0
         823         823         199           0           0
         824         824         199           0           0
         825         825         199           0           0
         826         826          84           0           1
         827         827          84           0           1
         828         828          84           0           1
         829         829          84           0           1
         830         830         303           0           1
         831         831         303           0           1
         832         832         200           0           0
         833         833         200           0           0
         834         834         200           0           0
         835         835         201           0           0
         836         836         201           0           0
         837         837         201           0           0
         838         838          85           0           1
         839         839          85           0           1
         840         840          85           0           1
         841         841          85           0           1
         842         842         202           0           1
         843         843         202           0           1
         844         844         202           0           1
         845         845          86           0           1
         846         846          86           0           1
         847         847          86           0           1
         848         848          86           0           1
         849         849         304           0           1
         850         850         304           0           1
         851         851         203           0           1
         852         852         203           0           1
         853         853         203           0           1
         854         854         204           0           0
         855         855         204           0           0
         856         856         204           0           0
         857         857         205           0           0
         858         858         205           0           0
         859         859         205           0           0
         860         860          10           0           0
         861         861          10           0           0
         862         862          10           0           0
         863         863          10           0           0
         864         864          10           0           0
         865         865          10           0           0
         866         866          10           0           0
         867         867          10           0           0
         868         868          10           0           0
         869         869          87           0           1
         870         870          87           0           1
         871         871          87           0           1
         872         872          87           0           1
         873         873         305           0           1
         874         874         305           0           1
         875         875         306           0           1
         876         876         306           0           1
         877         877         307           0           0
         878         878         307           0           0
         879         879          88           0           1
         880         880          88           0           1
         881         881          88           0           1
         882         882          88           0           1
         883         883           2           2           1
         884         884           2           2           1
         885         885           2           2           1
         886         886         356           0           1
         887         887           2           2           1
         888         888           2           0           1
         889         889         206           0           1
         890         890         206           0           1
         891         891         206           0           1
         892         892         308           0           1
         893         893         308           0           1
         894         894          89           0           1
         895         895          89           0           1
         896         896          89           0           1
         897         897          89           0           1
         898         898          90           0           1
         899         899          90           0           1
         900         900          90           0           1
         901         901          90           0           1
         902         902           2           2           1
         903         903           2           2           1
         904         904           2           2           1
         905         905           2           0           1
         906         906           2           2           1
         907         907           2           0           1
         908         908         207           0           0
         909         909         207           0           0
         910         910         207           0           0
         911         911         309           0           0
         912         912         309           0           0
         913         913           2           2           1
         914         914           2           0           1
         915         915           2           2           1
         916         916           2           0           1
         917         917           2           2           1
         918         918           2           0           1
         919         919         208           0           1
         920         920         208           0           1
         921         921         208           0           1
         922         922         209           0           0
         923         923         209           0           0
         924         924         209           0           0
         925         925           2           2           1
         926         926           2           0           1
         927         927           2           2           1
         928         928           2           2           1
         929         929         310           0           1
         930         930         310           0           1
         931         931         210           0           1
         932         932         210           0           1
         933         933         210           0           1
         934         934           8           5           1
         935         935           8           5           1
         936         936           8           0           1
         937         937           8           5           1
         938         938           8           0           1
         939         939           8           5           1
         940         940           8           0           1
         941         941           8           5           1
         942         942           8           0           1
         943         943           8           5           1
         944         944         311           0           0
         945         945         311           0           0
         946         946          91           0           1
         947         947          91           0           1
         948         948          91           0           1
         949         949          91           0           1
         950         950         312           0           1
         951         951         312           0           1
         952         952         211           0           1
         953         953         211           0           1
         954         954         211           0           1
         955         955          20           0           0
         956         956          20           0           0
         957         957          20           0           0
         958         958          20           0           0
         959         959          20           0           0
         960         960         212           0           1
         961         961         357           0           1
         962         962         212           0           1
         963         963         212           0           1
         964         964         313           0           1
         965         965         313           0           1
         966         966         314           0           1
         967         967         314           0           1
         968         968          92           0           0
         969         969          92           0           0
         970         970          92           0           0
         971         971          92           0           0
         972         972         213           0           1
         973         973         213           0           1
         974         974         213           0           1
         975         975          93           0           0
         976         976          93           0           0
         977         977          93           0           0
         978         978          93           0           0
         979         979         214           0           1
         980         980         214           0           1
         981         981         214           0           1
         982         982         358           0           1
         983         983         315           0           1
         984         984         315           0           1
         985         985         215           0           0
         986         986         215           0           0
         987         987         215           0           0
         988         988         216           0           0
         989         989         216           0           0
         990         990         216           0           0
         991         991          21           0           0
         992         992          21           0           0
         993         993          21           0           0
         994         994          21           0           0
         995         995          21           0           0
         996         996          94           0           1
         997         997          94           0           1
         998         998          94           0           1
         999         999          94           0           1
        1000        1000         316           0           1
        1001        1001         316           0           1
        1002        1002         217           0           1
        1003        1003         217           0           1
        1004        1004         217           0           1
        1005        1005         218           0           1
        1006        1006         218           0           1
        1007        1007         218           0           1
        1008        1008         219           0           0
        1009        1009         219           0           0
        1010        1010         219           0           0
        1011        1011         220           0           0
        1012        1012         220           0           0
        1013        1013         220           0           0
        1014        1014          95           0           0
        1015        1015          95           0           0
        1016        1016          95           0           0
        1017        1017          95           0           0
        1018        1018          96           0           1
        1019        1019          96           0           1
        1020        1020          96           0           1
        1021        1021          96           0           1
        1022        1022         317           0           1
        1023        1023         317           0           1
        1024        1024         221           0           1
        1025        1025         221           0           1
        1026        1026         221           0           1
        1027        1027         222           0           1
        1028        1028         222           0           1
        1029        1029         222           0           1
        1030        1030         318           0           1
        1031        1031         318           0           1
        1032        1032         359           0           1
        1033        1033          97           0           1
        1034        1034          97           0           1
        1035        1035          97           0           1
        1036        1036          97           0           1
        1037        1037         319           0           1
        1038        1038         319           0           1
        1039        1039         223           0           0
        1040        1040         223           0           0
        1041        1041         223           0           0
        1042        1042         320           0           0
        1043        1043         320           0           0
        1044        1044          98           0           1
        1045        1045          98           0           1
        1046        1046          98           0           1
        1047        1047          98           0           1
        1048        1048         321           0           1
        1049        1049         321           0           1
        1050        1050         322           0           1
        1051        1051         322           0           1
        1052        1052         323           0           0
        1053        1053         323           0           0
        1054        1054          99           0           1
        1055        1055          99           0           1
        1056        1056          99           0           1
        1057        1057          99           0           1
        1058        1058         224           0           1
        1059        1059         224           0           1
        1060        1060         224           0           1
        1061        1061         360           0           1
        1062        1062         324           0           1
        1063        1063         324           0           1
        1064        1064         225           0           1
        1065        1065         225           0           1
        1066        1066         225           0           1
        1067        1067         325           0           1
        1068        1068         325           0           1
        1069        1069         100           0           1
        1070        1070         100           0           1
        1071        1071         100           0           1
        1072        1072         100           0           1
        1073        1073         101           0           1
        1074        1074         101           0           1
        1075        1075         101           0           1
        1076        1076         101           0           1
        1077        1077         226           0           1
        1078        1078         361           0           1
        1079        1079         226           0           1
        1080        1080         226           0           1
        1081        1081         326           0           1
        1082        1082         326           0           1
        1083        1083          13           8           1
        1084        1084         362           0           1
        1085        1085          13           8           1
        1086        1086         227           0           1
        1087        1087         227           0           1
        1088        1088         227           0           1
        1089        1089          13           8           1
        1090        1090          13           8           1
        1091        1091          13           0           1
        1092        1092          13           8           1
        1093        1093          13           0           1
        1094        1094         228           0           1
        1095        1095         228           0           1
        1096        1096         228           0           1
        1097        1097         363           0           1
        1098        1098         327           0           1
        1099        1099         327           0           1
        1100        1100         229           0           1
        1101        1101         229           0           1
        1102        1102         229           0           1
        1103        1103         328           0           1
        1104        1104         328           0           1
        1105        1105         102           0           1
        1106        1106         102           0           1
        1107        1107         102           0           1
        1108        1108         102           0           1
        1109        1109         103           0           1
        1110        1110         103           0           1
        1111        1111         103           0           1
        1112        1112         103           0           1
        1113        1113         329           0           1
        1114        1114         364           0           1
        1115        1115         329           0           1
        1116        1116         365           0           1
        1117        1117         330           0           1
        1118        1118         330           0           1
        1119        1119         331           0           1
        1120        1120         331           0           1
        1121        1121         104           0           1
        1122        1122         104           0           1
        1123        1123         104           0           1
        1124        1124         104           0           1
        1125        1125         105           0           1
        1126        1126         105           0           1
        1127        1127         105           0           1
        1128        1128         105           0           1
        1129        1129         332           0           1
        1130        1130         366           0           1
        1131        1131         332           0           1
        1132        1132         367           0           1
        1133        1133         333           0           1
        1134        1134         333           0           1
        1135        1135         230           0           1
        1136        1136         230           0           1
        1137        1137         230           0           1
        1138        1138         334           0           0
        1139        1139         334           0           0
        1140        1140         106           0           0
        1141        1141         106           0           0
        1142        1142         106           0           0
        1143        1143         106           0           0
        1144        1144         107           0           0
        1145        1145         107           0           0
        1146        1146         107           0           0
        1147        1147         107           0           0
        1148        1148         231           0           1
        1149        1149         231           0           1
        1150        1150         231           0           1
        1151        1151         368           0           1
        1152        1152         335           0           1
        1153        1153         335           0           1
        1154        1154         232           0           1
        1155        1155         232           0           1
        1156        1156         232           0           1
        1157        1157         233           0           1
        1158        1158         233           0           1
        1159        1159         233           0           1
        1160        1160         234           0           0
        1161        1161         234           0           0
        1162        1162         234           0           0
        1163        1163          11           0           0
        1164        1164          11           0           0
        1165        1165          11           0           0
        1166        1166          11           0           0
        1167        1167          11           0           0
        1168        1168          11           0           0
        1169        1169          11           0           0
        1170        1170          11           0           0
        1171        1171          11           0           0
        1172        1172         235           0           1
        1173        1173         369           0           1
        1174        1174         235           0           1
        1175        1175         235           0           1
        1176        1176         336           0           1
        1177        1177         336           0           1
        1178        1178         236           0           0
        1179        1179         236           0           0
        1180        1180         236           0           0
        1181        1181         337           0           0
        1182        1182         337           0           0
        1183        1183         108           0           0
        1184        1184         108           0           0
        1185        1185         108           0           0
        1186        1186         108           0           0
        1187        1187         109           0           0
        1188        1188         109           0           0
        1189        1189         109           0           0
        1190        1190         109           0           0
        1191        1191         237           0           1
        1192        1192         237           0           1
        1193        1193         237           0           1
        1194        1194         370           0           1
        1195        1195         338           0           1
        1196        1196         338           0           1
        1197        1197         238           0           1
        1198        1198         238           0           1
        1199        1199         238           0           1
        1200        1200         239           0           1
        1201        1201         239           0           1
        1202        1202         239           0           1
        1203        1203         240           0           1
        1204        1204         240           0           1
        1205        1205         240           0           1
        1206        1206          12           0           1
        1207        1207         371           0           1
        1208        1208          12           0           1
        1209        1209          12           0           1
        1210        1210          12           0           1
        1211        1211          12           0           1
        1212        1212          12           0           1
        1213        1213          12           0           1
        1214        1214          12           0           1
        1215        1215         110           0           0
        1216        1216         110           0           0
        1217        1217         110           0           0
        1218        1218         110           0           0
        1219        1219         241           0           0
        1220        1220         241           0           0
        1221        1221         241           0           0
        1222        1222         111           0           0
        1223        1223         111           0           0
        1224        1224         111           0           0
        1225        1225         111           0           0
        1226        1226         242           0           0
        1227        1227         242           0           0
        1228        1228         242           0           0
        1229        1229         243           0           0
        1230        1230         243           0           0
        1231        1231         243           0           0
