# FIRST flexibility index results. Data refer to bonds.
#   original    original       flex.       FIRST       FIRST
#     atom 1      atom 2       index      atom 1      atom 2
# --------------------------------------------------------------------
           1           3      0.0000           1           3
           1           2      0.0000           1           2
           1           4      0.0000           1           4
           1           5      0.0000           1           5
           3          13      0.0000           3          13
           5           7      0.0000           5           7
           5           6      0.0000           5           6
           5          18      0.1872           5          18
           7          10      0.0000           7          10
           7           8      0.0000           7           8
           7           9      0.0000           7           9
          10          11      0.0000          10          11
          10          12      0.0000          10          12
          10          13      0.0000          10          13
          10        1073      0.1872          10        1073
          13          14      1.0000          13          14
          13         217      0.1872          13         217
          14          15      1.0000          14          15
          14          16      0.0000          14          16
          14          17      0.0000          14          17
          18          19      0.1872          18          19
          18          20      0.0000          18          20
          20          21      0.0000          20          21
          20          22      0.1872          20          22
          22          23      0.1872          22          23
          22          35      0.1872          22          35
          22          24      1.0000          22          24
          24          25      1.0000          24          25
          24          27      1.0000          24          27
          24          26      0.0000          24          26
          27          28      1.0000          27          28
          27          29      0.0000          27          29
          27          30      1.0000          27          30
          30          32      1.0000          30          32
          30          31      0.0000          30          31
          32          33      0.0000          32          33
          32          34      0.0000          32          34
          35          36      0.1872          35          36
          35          37      0.0000          35          37
          36        1061      0.1872          36        1061
          37          38      0.0000          37          38
          37          39      0.1872          37          39
          39          41      0.1872          39          41
          39          40      0.0000          39          40
          39          54      0.1872          39          54
          41          47      0.1872          41          47
          41          42      0.0000          41          42
          41          43      0.1872          41          43
          43          45      0.1872          43          45
          43          46      0.0000          43          46
          43          44      0.0000          43          44
          43         214      0.1872          43         214
          43         210      0.1872          43         210
          47          48      0.1872          47          48
          47          49      0.0000          47          49
          47          50      0.1872          47          50
          47         217      0.1872          47         217
          47         894      0.1872          47         894
          50          51      0.1872          50          51
          50          52      0.0000          50          52
          50          53      0.0000          50          53
          50        1109      0.1872          50        1109
          50          86      0.1872          50          86
          54          56      0.1872          54          56
          54          55      0.0000          54          55
          56          57      0.1872          56          57
          56          58      0.1872          56          58
          57        1078      0.1872          57        1078
          58          74      0.1872          58          74
          58          60      0.1872          58          60
          58          59      0.0000          58          59
          60          61      0.1872          60          61
          60          62      0.0000          60          62
          60          63      0.1872          60          63
          60        1054      0.1872          60        1054
          63          64      0.1872          63          64
          63          66     -0.1000          63          66
          64          65      0.0000          64          65
          64          68     -0.1000          64          68
          66          67      0.0000          66          67
          66          70     -0.1000          66          70
          66         175      0.1872          66         175
          68          69      0.0000          68          69
          68          72     -0.1000          68          72
          68          96      0.1872          68          96
          70          71      0.0000          70          71
          70          72     -0.1000          70          72
          72          73      0.0000          72          73
          74          75      0.1872          74          75
          74          76      0.0000          74          76
          75        1097      0.1872          75        1097
          76          78      0.1872          76          78
          76          77      0.0000          76          77
          78          79      0.1872          78          79
          78          80      0.1872          78          80
          78          90      0.1872          78          90
          80          82      0.1872          80          82
          80          81      0.0000          80          81
          80          86      0.1872          80          86
          80         172      0.1872          80         172
          82          84      0.1872          82          84
          82          85      0.0000          82          85
          82          83      0.0000          82          83
          82         411      0.1872          82         411
          86          87      0.1872          86          87
          86          88      0.0000          86          88
          86          89      0.0000          86          89
          90          91      0.1872          90          91
          90          92      0.0000          90          92
          92          93      0.1872          92          93
          92          94      0.1872          92          94
          93        1114      0.1872          93        1114
          94          95      0.1872          94          95
          94          96      0.1872          94          96
          94         112      0.1872          94         112
          96          97      0.1872          96          97
          96          98      0.0000          96          98
          96          99      1.0000          96          99
          99         102      1.0000          99         102
          99         100      0.0000          99         100
          99         101      0.0000          99         101
         102         103      1.0000         102         103
         102         104      0.0000         102         104
         102         105      1.0000         102         105
         105         106      1.0000         105         106
         105         108      1.0000         105         108
         105         107      0.0000         105         107
         108         110      1.0000         108         110
         108         111      0.0000         108         111
         108         109      0.0000         108         109
         112         113      0.1872         112         113
         112         114      0.0000         112         114
         113        1132      0.1872         113        1132
         114         115      0.0000         114         115
         114         116      0.1872         114         116
         116         117      0.1872         116         117
         116         118      0.1872         116         118
         116         126      0.1872         116         126
         118         122      0.1872         118         122
         118         119      0.0000         118         119
         118         120      0.1872         118         120
         120         121      0.1872         120         121
         120         162      0.1872         120         162
         122         123      0.1872         122         123
         122         124      0.0000         122         124
         122         125      0.0000         122         125
         122         407      0.1872         122         407
         122        1135      0.1872         122        1135
         126         127      0.1872         126         127
         126         128      0.0000         126         128
         128         129      0.0000         128         129
         128         130      0.1872         128         130
         130         131      0.1872         130         131
         130         145      0.1872         130         145
         130         132      1.0000         130         132
         132         135      1.0000         132         135
         132         133      0.0000         132         133
         132         134      0.0000         132         134
         135         141      1.0000         135         141
         135         136      0.0000         135         136
         135         137      1.0000         135         137
         137         138      1.0000         137         138
         137         139      0.0000         137         139
         137         140      0.0000         137         140
         141         142      1.0000         141         142
         141         143      0.0000         141         143
         141         144      0.0000         141         144
         145         146      0.1872         145         146
         145         147      0.0000         145         147
         147         148      0.0000         147         148
         147         149      0.1872         147         149
         149         150      0.1872         149         150
         149         151      1.0000         149         151
         149         159      0.1872         149         159
         151         152      1.0000         151         152
         151         155      1.0000         151         155
         151         153      1.0000         151         153
         153         154      1.0000         153         154
         155         156      1.0000         155         156
         155         157      0.0000         155         157
         155         158      0.0000         155         158
         159         160      0.1872         159         160
         159         161      0.0000         159         161
         161         162      0.1872         161         162
         161         163      0.1872         161         163
         163         166      0.1872         163         166
         163         164      0.0000         163         164
         163         165      0.0000         163         165
         166         167      0.1872         166         167
         166         168      0.0000         166         168
         168         169      0.0000         168         169
         168         170      0.1872         168         170
         170         171      0.1872         170         171
         170         172      0.1872         170         172
         170         188      0.1872         170         188
         172         174      0.1872         172         174
         172         175      0.1872         172         175
         172         173      0.0000         172         173
         175         176      0.1872         175         176
         175         177      0.0000         175         177
         175         178      1.0000         175         178
         178         179      1.0000         178         179
         178         180      0.0000         178         180
         178         181      1.0000         178         181
         181         182      1.0000         181         182
         181         183      0.0000         181         183
         181         184      1.0000         181         184
         184         185      1.0000         184         185
         184         186      0.0000         184         186
         184         187      0.0000         184         187
         188         190      0.1872         188         190
         188         189      0.0000         188         189
         190         191      0.0000         190         191
         190         192      0.1872         190         192
         192         193      0.1872         192         193
         192         194      1.0000         192         194
         192         202      0.1872         192         202
         194         196      1.0000         194         196
         194         198      1.0000         194         198
         194         195      0.0000         194         195
         196         197      1.0000         196         197
         198         199      1.0000         198         199
         198         200      0.0000         198         200
         198         201      0.0000         198         201
         202         203      0.1872         202         203
         202         204      0.0000         202         204
         204         206      0.1872         204         206
         204         205      0.0000         204         205
         206         207      0.1872         206         207
         206         208      0.1872         206         208
         206         221      0.1872         206         221
         208         214      0.1872         208         214
         208         210      0.1872         208         210
         208         209      0.0000         208         209
         210         211      0.1872         210         211
         210         213      0.0000         210         213
         210         212      0.0000         210         212
         214         217      0.1872         214         217
         214         215      0.0000         214         215
         214         216      0.0000         214         216
         217         218      0.1872         217         218
         217         219      0.0000         217         219
         217         220      0.0000         217         220
         217         277      0.1872         217         277
         217         894      0.1872         217         894
         221         222      0.1872         221         222
         221         223      0.0000         221         223
         223         224      0.0000         223         224
         223         225      0.1872         223         225
         225         227      0.1872         225         227
         225         235      0.1872         225         235
         225         226      0.0000         225         226
         227         231      0.1872         227         231
         227         229      1.0000         227         229
         227         228      0.0000         227         228
         229         230      1.0000         229         230
         231         232      0.1872         231         232
         231         233      0.0000         231         233
         231         234      0.0000         231         234
         231         263      0.1872         231         263
         235         236      0.1872         235         236
         235         237      0.0000         235         237
         237         239      0.1872         237         239
         237         238      0.0000         237         238
         239         240      0.1872         239         240
         239         254      0.1872         239         254
         239         241      1.0000         239         241
         241         242      1.0000         241         242
         241         243      0.0000         241         243
         241         244      1.0000         241         244
         244         245      1.0000         244         245
         244         246      1.0000         244         246
         244         250      1.0000         244         250
         246         247      1.0000         246         247
         246         248      0.0000         246         248
         246         249      0.0000         246         249
         250         251      1.0000         250         251
         250         252      0.0000         250         252
         250         253      0.0000         250         253
         254         255      0.1872         254         255
         254         256      0.0000         254         256
         256         258      0.1872         256         258
         256         257      0.0000         256         257
         258         259      0.1872         258         259
         258         260      0.1872         258         260
         258         269      0.1872         258         269
         260         261      0.1872         260         261
         260         262      0.0000         260         262
         260         263      0.1872         260         263
         263         266      1.0000         263         266
         263         264      0.0000         263         264
         263         265      0.0000         263         265
         266         268      1.0000         266         268
         266         267      0.0000         266         267
         269         270      0.1872         269         270
         269         271      0.0000         269         271
         271         273      0.1872         271         273
         271         272      0.0000         271         272
         273         274      0.1872         273         274
         273         275      0.1872         273         275
         273         285      0.1872         273         285
         275         277      0.1872         275         277
         275         281      0.1872         275         281
         275         276      0.0000         275         276
         277         279      0.1872         277         279
         277         278      0.0000         277         278
         277         280      0.0000         277         280
         281         282      0.1872         281         282
         281         283      0.0000         281         283
         281         284      0.0000         281         284
         281         331      0.1872         281         331
         285         286      0.1872         285         286
         285         287      0.0000         285         287
         286         886      0.1872         286         886
         287         288      0.0000         287         288
         287         289      0.1872         287         289
         289         291      0.1872         289         291
         289         300      0.1872         289         300
         289         290      0.0000         289         290
         291         293      0.1872         291         293
         291         294      0.1872         291         294
         291         292      0.0000         291         292
         294         297      1.0000         294         297
         294         296      0.0000         294         296
         294         295      0.0000         294         295
         294         331      0.1872         294         331
         297         298      1.0000         297         298
         297         299      0.0000         297         299
         300         301      0.1872         300         301
         300         302     -0.0008         300         302
         301         340     -0.0008         301         340
         302         305     -0.0008         302         305
         302         303     -0.0008         302         303
         303         308     -0.0008         303         308
         303         304      0.0000         303         304
         303         314     -0.0008         303         314
         305         306      0.0000         305         306
         305         307      0.0000         305         307
         305         311     -0.0008         305         311
         308         309      0.0000         308         309
         308         310      0.0000         308         310
         308         311     -0.0008         308         311
         308         803      0.1872         308         803
         311         312      0.0000         311         312
         311         313      0.0000         311         313
         311         939      0.1872         311         939
         311         807      0.1872         311         807
         314         315     -0.0008         314         315
         314         316     -0.0008         314         316
         315         354     -0.0008         315         354
         316         317      0.0000         316         317
         316         318     -0.0008         316         318
         318         319      0.0000         318         319
         318         320      1.0000         318         320
         318         325     -0.0008         318         325
         320         322      1.0000         320         322
         320         323      1.0000         320         323
         320         321      0.0000         320         321
         323         324      1.0000         323         324
         325         326     -0.0008         325         326
         325         327     -0.0008         325         327
         326         373     -0.0008         326         373
         327         328      0.0000         327         328
         327         329     -0.0008         327         329
         329         330      0.0000         329         330
         329         337     -0.0008         329         337
         329         331      0.1872         329         331
         331         332      0.1872         331         332
         331         333      0.0000         331         333
         331         334      1.0000         331         334
         334         335      1.0000         334         335
         334         336      0.0000         334         336
         337         339     -0.0008         337         339
         337         338     -0.0008         337         338
         338         388     -0.0008         338         388
         339         340     -0.0008         339         340
         339         341     -0.0008         339         341
         341         343      1.0000         341         343
         341         351     -0.0008         341         351
         341         342      0.0000         341         342
         343         347      1.0000         343         347
         343         344      0.0000         343         344
         343         345      1.0000         343         345
         345         346      1.0000         345         346
         347         348      1.0000         347         348
         347         349      0.0000         347         349
         347         350      0.0000         347         350
         351         353     -0.0008         351         353
         351         352     -0.0008         351         352
         352         402     -0.0008         352         402
         353         354     -0.0008         353         354
         353         355     -0.0008         353         355
         355         357      1.0000         355         357
         355         356      0.0000         355         356
         355         370     -0.0008         355         370
         357         358      1.0000         357         358
         357         363      1.0000         357         363
         357         359      1.0000         357         359
         359         360      1.0000         359         360
         359         361      0.0000         359         361
         359         362      0.0000         359         362
         363         364      1.0000         363         364
         363         366      1.0000         363         366
         363         365      0.0000         363         365
         366         367      1.0000         366         367
         366         368      0.0000         366         368
         366         369      0.0000         366         369
         370         371     -0.0008         370         371
         370         372     -0.0008         370         372
         371         418     -0.0008         371         418
         372         373     -0.0008         372         373
         372         374     -0.0008         372         374
         374         375      0.0000         374         375
         374         385     -0.0008         374         385
         374         376      1.0000         374         376
         376         377      1.0000         376         377
         376         378      0.0000         376         378
         376         379      1.0000         376         379
         379         382      1.0000         379         382
         379         381      0.0000         379         381
         379         380      0.0000         379         380
         382         383      1.0000         382         383
         382         384      0.0000         382         384
         385         387     -0.0008         385         387
         385         386     -0.0008         385         386
         386         440     -0.0008         386         440
         387         388     -0.0008         387         388
         387         389     -0.0008         387         389
         389         391      1.0000         389         391
         389         390      0.0000         389         390
         389         399     -0.0008         389         399
         391         393      1.0000         391         393
         391         394      1.0000         391         394
         391         392      0.0000         391         392
         394         396      1.0000         394         396
         394         395      0.0000         394         395
         396         397      0.0000         396         397
         396         398      0.0000         396         398
         399         400     -0.0008         399         400
         399         401     -0.0008         399         401
         400         450     -0.0008         400         450
         401         402     -0.0008         401         402
         401         403     -0.0008         401         403
         403         404      0.0000         403         404
         403         405      0.1872         403         405
         403         415     -0.0008         403         415
         405         411      0.1872         405         411
         405         406      0.0000         405         406
         405         407      0.1872         405         407
         407         410      0.1872         407         410
         407         408      0.0000         407         408
         407         409      0.0000         407         409
         411         412      0.1872         411         412
         411         413      0.0000         411         413
         411         414      0.0000         411         414
         415         416     -0.0008         415         416
         415         417     -0.0008         415         417
         416         472     -0.0008         416         472
         417         419     -0.0008         417         419
         417         418     -0.0008         417         418
         419         420      0.0000         419         420
         419         421      1.0000         419         421
         419         437     -0.0008         419         437
         421         422      1.0000         421         422
         421         423      0.0000         421         423
         421         424      1.0000         421         424
         424         426      1.0000         424         426
         424         427      1.0000         424         427
         424         425      0.0000         424         425
         427         428      1.0000         427         428
         427         430      1.0000         427         430
         427         429      0.0000         427         429
         430         431      1.0000         430         431
         430         432      0.0000         430         432
         430         433      1.0000         430         433
         433         434      1.0000         433         434
         433         435      0.0000         433         435
         433         436      0.0000         433         436
         437         438      0.1872         437         438
         437         439     -0.0008         437         439
         438         508      0.1872         438         508
         439         440     -0.0008         439         440
         439         441     -0.0008         439         441
         441         442      0.0000         441         442
         441         443      1.0000         441         443
         441         447     -0.0008         441         447
         443         444      1.0000         443         444
         443         445      0.0000         443         445
         443         446      0.0000         443         446
         447         449     -0.0008         447         449
         447         448      0.0000         447         448
         449         450     -0.0008         449         450
         449         451     -0.0008         449         451
         451         453      1.0000         451         453
         451         452      0.0000         451         452
         451         469     -0.0008         451         469
         453         456      1.0000         453         456
         453         455      0.0000         453         455
         453         454      0.0000         453         454
         456         459      1.0000         456         459
         456         457      0.0000         456         457
         456         458      0.0000         456         458
         459         460      1.0000         459         460
         459         461      0.0000         459         461
         459         462      1.0000         459         462
         462         463      1.0000         462         463
         462         464      0.0000         462         464
         462         465      1.0000         462         465
         465         467      1.0000         465         467
         465         466      0.0000         465         466
         465         468      0.0000         465         468
         469         470      0.0000         469         470
         469         471     -0.0008         469         471
         471         472     -0.0008         471         472
         471         473      0.1872         471         473
         473         475      1.0000         473         475
         473         488      0.1872         473         488
         473         474      0.0000         473         474
         475         481      1.0000         475         481
         475         477      1.0000         475         477
         475         476      0.0000         475         476
         477         478      1.0000         477         478
         477         479      0.0000         477         479
         477         480      0.0000         477         480
         481         482      1.0000         481         482
         481         483      0.0000         481         483
         481         484      1.0000         481         484
         484         485      1.0000         484         485
         484         486      0.0000         484         486
         484         487      0.0000         484         487
         488         489      0.1872         488         489
         488         490      0.0000         488         490
         490         492      0.1872         490         492
         490         491      0.0000         490         491
         492         493      0.1872         492         493
         492         505      0.1872         492         505
         492         494      1.0000         492         494
         494         495      1.0000         494         495
         494         497      1.0000         494         497
         494         496      0.0000         494         496
         497         499      1.0000         497         499
         497         500      1.0000         497         500
         497         498      0.0000         497         498
         500         502      1.0000         500         502
         500         501      0.0000         500         501
         502         503      0.0000         502         503
         502         504      0.0000         502         504
         505         506      0.1872         505         506
         505         507      0.0000         505         507
         507         508      0.1872         507         508
         507         509      0.1872         507         509
         509         517      0.1872         509         517
         509         510      0.0000         509         510
         509         511      1.0000         509         511
         511         514      1.0000         511         514
         511         513      0.0000         511         513
         511         512      0.0000         511         512
         514         515      1.0000         514         515
         514         516      0.0000         514         516
         517         518      0.1872         517         518
         517         519      0.0000         517         519
         519         521      0.1872         519         521
         519         520      0.0000         519         520
         521         522      0.1872         521         522
         521         539      0.1872         521         539
         521         523      1.0000         521         523
         523         524      1.0000         523         524
         523         525      0.0000         523         525
         523         526      1.0000         523         526
         526         528      1.0000         526         528
         526         527      0.0000         526         527
         526         529      1.0000         526         529
         529         530      1.0000         529         530
         529         531      0.0000         529         531
         529         532      1.0000         529         532
         532         533      1.0000         532         533
         532         535      1.0000         532         535
         532         534      0.0000         532         534
         535         537      1.0000         535         537
         535         536      0.0000         535         536
         535         538      0.0000         535         538
         539         540      0.1872         539         540
         539         541      0.0000         539         541
         541         543      0.1872         541         543
         541         542      0.0000         541         542
         543         544      0.1872         543         544
         543         545      1.0000         543         545
         543         554      0.1872         543         554
         545         546      1.0000         545         546
         545         548      1.0000         545         548
         545         547      0.0000         545         547
         548         550      1.0000         548         550
         548         549      0.0000         548         549
         548         551      1.0000         548         551
         551         552      1.0000         551         552
         551         553      0.0000         551         553
         554         555      0.1872         554         555
         554         556      0.0000         554         556
         556         558      0.1872         556         558
         556         557      0.0000         556         557
         558         559      0.1872         558         559
         558         560      0.0000         558         560
         558         561      0.1872         558         561
         561         563      0.1872         561         563
         561         562      0.0000         561         562
         563         564      0.0000         563         564
         563         565      0.1872         563         565
         565         566      0.1872         565         566
         565         567      1.0000         565         567
         565         580      0.1872         565         580
         567         568      1.0000         567         568
         567         569      1.0000         567         569
         567         573      1.0000         567         573
         569         572      1.0000         569         572
         569         570      0.0000         569         570
         569         571      0.0000         569         571
         573         574      1.0000         573         574
         573         575      0.0000         573         575
         573         576      1.0000         573         576
         576         577      1.0000         576         577
         576         579      0.0000         576         579
         576         578      0.0000         576         578
         580         581      0.1872         580         581
         580         582      0.0000         580         582
         582         583     -0.0278         582         583
         582         585     -0.0278         582         585
         583         584      0.0000         583         584
         583         594      0.1872         583         594
         583         588     -0.0278         583         588
         585         586      0.0000         585         586
         585         587      0.0000         585         587
         585         591     -0.0278         585         591
         588         589      0.0000         588         589
         588         590      0.0000         588         590
         588         591     -0.0278         588         591
         591         592      0.0000         591         592
         591         593      0.0000         591         593
         594         595      0.1872         594         595
         594         596      0.0000         594         596
         595        1194      0.1872         595        1194
         596         597     -0.0278         596         597
         596         599     -0.0278         596         599
         597         598      0.0000         597         598
         597         602     -0.0278         597         602
         597         608      0.1872         597         608
         599         600      0.0000         599         600
         599         601      0.0000         599         601
         599         605     -0.0278         599         605
         602         603      0.0000         602         603
         602         604      0.0000         602         604
         602         605     -0.0278         602         605
         605         606      0.0000         605         606
         605         607      0.0000         605         607
         608         609      0.1872         608         609
         608         610      0.0000         608         610
         609        1207      0.1872         609        1207
         610         612      0.1872         610         612
         610         611      0.1872         610         611
         611        1173      0.1872         611        1173
         612         614      0.1872         612         614
         612         613      0.0000         612         613
         612         620      0.1872         612         620
         614         616      0.1872         614         616
         614         617      1.0000         614         617
         614         615      0.0000         614         615
         614        1200      0.1872         614        1200
         617         618      1.0000         617         618
         617         619      0.0000         617         619
         620         622      0.1872         620         622
         620         621      0.1872         620         621
         621        1151      0.1872         621        1151
         622         623      0.0000         622         623
         622         624      0.1872         622         624
         624         626      0.1872         624         626
         624         637      0.1872         624         637
         624         625      0.0000         624         625
         626         627      0.1872         626         627
         626         628      0.0000         626         628
         626         629      0.1872         626         629
         629         631      0.1872         629         631
         629         632      1.0000         629         632
         629         630      0.0000         629         630
         629         803      0.1872         629         803
         632         633      1.0000         632         633
         632         634      0.0000         632         634
         634         635      0.0000         634         635
         634         636      0.0000         634         636
         637         638      0.1872         637         638
         637         639      0.0000         637         639
         639         641      0.1872         639         641
         639         640      0.1872         639         640
         640        1130      0.1872         640        1130
         641         642      0.1872         641         642
         641         643      0.1872         641         643
         641         654      0.1872         641         654
         643         645      0.1872         643         645
         643         644      0.0000         643         644
         643         646      1.0000         643         646
         643        1121      0.1872         643        1121
         646         647      1.0000         646         647
         646         649      1.0000         646         649
         646         648      0.0000         646         648
         649         650      1.0000         649         650
         649         651      0.0000         649         651
         651         652      0.0000         651         652
         651         653      0.0000         651         653
         654         656      0.1872         654         656
         654         655      0.1872         654         655
         655        1116      0.1872         655        1116
         656         657      0.0000         656         657
         656         658      0.1872         656         658
         658         678      0.1872         658         678
         658         660      0.1872         658         660
         658         659      0.0000         658         659
         660         661      0.1872         660         661
         660         662      0.0000         660         662
         660         663      1.0000         660         663
         660        1103      0.1872         660        1103
         663         664      1.0000         663         664
         663         665      0.0000         663         665
         663         666      1.0000         663         666
         666         667      1.0000         666         667
         666         668      0.0000         666         668
         666         669      1.0000         666         669
         669         670      1.0000         669         670
         669         671      0.0000         669         671
         671         672      0.0000         671         672
         671         675      0.0000         671         675
         672         674      0.0000         672         674
         672         673      0.0000         672         673
         675         676      0.0000         675         676
         675         677      0.0000         675         677
         678         679      0.1872         678         679
         678         680      0.0000         678         680
         680         682      0.1872         680         682
         680         681      0.0000         680         681
         682         683      0.1872         682         683
         682         684      1.0000         682         684
         682         697      0.1872         682         697
         684         685      1.0000         684         685
         684         687      1.0000         684         687
         684         686      0.0000         684         686
         687         689      1.0000         687         689
         687         688      0.0000         687         688
         687         693      1.0000         687         693
         689         691      1.0000         689         691
         689         692      0.0000         689         692
         689         690      0.0000         689         690
         693         694      1.0000         693         694
         693         696      0.0000         693         696
         693         695      0.0000         693         695
         697         698      0.1872         697         698
         697         699      0.0000         697         699
         698         982      0.1872         698         982
         699         701      0.1872         699         701
         699         700      0.0000         699         700
         701         716      0.1872         701         716
         701         702      0.0000         701         702
         701         703      0.1872         701         703
         703         704      0.1872         703         704
         703         705      0.1872         703         705
         703         709      0.1872         703         709
         705         706      0.1872         705         706
         705         707      0.0000         705         707
         705         708      0.0000         705         708
         705         952      0.1872         705         952
         709         710      0.1872         709         710
         709         712      0.1872         709         712
         709         711      0.0000         709         711
         712         713      0.1872         712         713
         712         714      0.0000         712         714
         712         715      0.0000         712         715
         712         759      0.1872         712         759
         716         718      0.1872         716         718
         716         717      0.0000         716         717
         718         719      0.1872         718         719
         718         720      0.1872         718         720
         719         961      0.1872         719         961
         720         721      0.1872         720         721
         720         722      0.1872         720         722
         720         736      0.1872         720         736
         722         723      0.1872         722         723
         722         724      0.0000         722         724
         722         725      0.1872         722         725
         725         726      0.1872         725         726
         725         728     -0.1000         725         728
         726         727      0.0000         726         727
         726         730     -0.1000         726         730
         728         729      0.0000         728         729
         728         732     -0.1000         728         732
         730         734     -0.1000         730         734
         730         731      0.0000         730         731
         732         733      0.0000         732         733
         732         734     -0.1000         732         734
         734         735      0.0000         734         735
         734        1002      0.1872         734        1002
         734        1005      0.1872         734        1005
         736         737      0.1872         736         737
         736         738      0.0000         736         738
         738         740      0.1872         738         740
         738         739      0.0000         738         739
         740         741      0.1872         740         741
         740         742      1.0000         740         742
         740         746      0.1872         740         746
         742         743      1.0000         742         743
         742         744      0.0000         742         744
         742         745      0.0000         742         745
         746         747      0.1872         746         747
         746         748      0.0000         746         748
         748         749      0.0000         748         749
         748         750      0.1872         748         750
         750         753      0.1872         750         753
         750         751      0.0000         750         751
         750         752      0.0000         750         752
         753         754      0.1872         753         754
         753         755      0.0000         753         755
         755         757      0.1872         755         757
         755         756      0.0000         755         756
         757         758      0.1872         757         758
         757         759      0.1872         757         759
         757         775      0.1872         757         775
         759         760      0.1872         759         760
         759         761      0.0000         759         761
         759         762      1.0000         759         762
         762         765      1.0000         762         765
         762         764      0.0000         762         764
         762         763      0.0000         762         763
         765         766      1.0000         765         766
         765         767      0.0000         765         767
         765         768      1.0000         765         768
         768         769      1.0000         768         769
         768         770      0.0000         768         770
         768         771      1.0000         768         771
         771         774      1.0000         771         774
         771         772      0.0000         771         772
         771         773      0.0000         771         773
         775         777      0.1872         775         777
         775         776      0.0000         775         776
         777         778      0.0000         777         778
         777         779      0.1872         777         779
         779         792      0.1872         779         792
         779         781      1.0000         779         781
         779         780      0.0000         779         780
         781         783      1.0000         781         783
         781         782      0.0000         781         782
         781         784      1.0000         781         784
         784         785      1.0000         784         785
         784         786      0.0000         784         786
         784         787      1.0000         784         787
         787         788      1.0000         787         788
         787         789      0.0000         787         789
         789         790      0.0000         789         790
         789         791      0.0000         789         791
         792         793      0.1872         792         793
         792         794      0.0000         792         794
         794         796      0.1872         794         796
         794         795      0.0000         794         795
         796         797      0.1872         796         797
         796         811      0.1872         796         811
         796         798      0.1872         796         798
         798         801      0.1872         798         801
         798         800      0.0000         798         800
         798         799      0.0000         798         799
         801         802      0.1872         801         802
         801         807      0.1872         801         807
         801         803      0.1872         801         803
         803         804      0.1872         803         804
         803         805      0.0000         803         805
         803         806      0.0000         803         806
         803        1105      0.1872         803        1105
         807         809      0.1872         807         809
         807         808      0.0000         807         808
         807         810      0.0000         807         810
         807         898      0.1872         807         898
         811         812      0.1872         811         812
         811         813      0.0000         811         813
         813         814      0.0000         813         814
         813         815      0.1872         813         815
         815         817      1.0000         815         817
         815         816      0.0000         815         816
         815         826      0.1872         815         826
         817         818      1.0000         817         818
         817         819      0.0000         817         819
         817         820      1.0000         817         820
         820         823      1.0000         820         823
         820         822      0.0000         820         822
         820         821      0.0000         820         821
         823         824      1.0000         823         824
         823         825      0.0000         823         825
         826         827      0.1872         826         827
         826         828      0.0000         826         828
         828         829      0.0000         828         829
         828         830      0.1872         828         830
         830         838      0.1872         830         838
         830         831      0.0000         830         831
         830         832      1.0000         830         832
         832         833      1.0000         832         833
         832         834      0.0000         832         834
         832         835      1.0000         832         835
         835         836      1.0000         835         836
         835         837      0.0000         835         837
         838         839      0.1872         838         839
         838         840      0.0000         838         840
         840         842      0.1872         840         842
         840         841      0.0000         840         841
         842         843      0.1872         842         843
         842         844      0.0000         842         844
         842         845      0.1872         842         845
         845         846      0.1872         845         846
         845         847      0.0000         845         847
         847         849      0.1872         847         849
         847         848      0.0000         847         848
         849         851      0.1872         849         851
         849         869      0.1872         849         869
         849         850      0.0000         849         850
         851         854      1.0000         851         854
         851         852      0.0000         851         852
         851         853      0.0000         851         853
         851         939      0.1872         851         939
         854         855      1.0000         854         855
         854         857      1.0000         854         857
         854         856      0.0000         854         856
         857         858      1.0000         857         858
         857         859      0.0000         857         859
         857         860      1.0000         857         860
         860         861      1.0000         860         861
         860         862      0.0000         860         862
         862         863      0.0000         862         863
         862         866      0.0000         862         866
         863         864      0.0000         863         864
         863         865      0.0000         863         865
         866         867      0.0000         866         867
         866         868      0.0000         866         868
         869         871      0.1872         869         871
         869         870      0.0000         869         870
         871         872      0.0000         871         872
         871         873      0.1872         871         873
         873         875      0.1872         873         875
         873         883      0.1872         873         883
         873         874      0.0000         873         874
         875         876      0.1872         875         876
         875         877      1.0000         875         877
         875         879      0.1872         875         879
         877         878      1.0000         877         878
         879         880      0.1872         879         880
         879         881      0.0000         879         881
         879         882      0.0000         879         882
         879         919      0.1872         879         919
         883         884      0.1872         883         884
         883         885     -0.0021         883         885
         884         928     -0.0021         884         928
         885         886      0.1872         885         886
         885         887     -0.0021         885         887
         887         888      0.0000         887         888
         887         889      0.1872         887         889
         887         902     -0.0021         887         902
         889         890      0.1872         889         890
         889         891      0.0000         889         891
         889         892      0.1872         889         892
         892         893      0.1872         892         893
         892         898      0.1872         892         898
         892         894      0.1872         892         894
         894         895      0.1872         894         895
         894         896      0.0000         894         896
         894         897      0.0000         894         897
         894        1073      0.1872         894        1073
         898         899      0.1872         898         899
         898         900      0.0000         898         900
         898         901      0.0000         898         901
         902         903     -0.0021         902         903
         902         904     -0.0021         902         904
         903         928     -0.0021         903         928
         904         906     -0.0021         904         906
         904         905      0.0000         904         905
         906         913     -0.0021         906         913
         906         908      1.0000         906         908
         906         907      0.0000         906         907
         908         911      1.0000         908         911
         908         909      0.0000         908         909
         908         910      0.0000         908         910
         911         912      1.0000         911         912
         913         914      0.0000         913         914
         913         915     -0.0021         913         915
         915         917     -0.0021         915         917
         915         916      0.0000         915         916
         917         918      0.0000         917         918
         917         919      0.1872         917         919
         917         925     -0.0021         917         925
         919         922      1.0000         919         922
         919         920      0.0000         919         920
         919         921      0.0000         919         921
         922         924      1.0000         922         924
         922         923      0.0000         922         923
         925         926      0.0000         925         926
         925         927     -0.0021         925         927
         927         929      0.1872         927         929
         927         928     -0.0021         927         928
         929         930      0.1872         929         930
         929         946      0.1872         929         946
         929         931      0.1872         929         931
         931         934      0.1872         931         934
         931         932      0.0000         931         932
         931         933      0.0000         931         933
         934         937      0.1872         934         937
         934         935     -0.1000         934         935
         935         936      0.0000         935         936
         935         939     -0.1000         935         939
         937         941     -0.1000         937         941
         937         938      0.0000         937         938
         939         940      0.0000         939         940
         939         943     -0.1000         939         943
         941         942      0.0000         941         942
         941         943     -0.1000         941         943
         943         944      1.0000         943         944
         944         945      1.0000         944         945
         946         948      0.1872         946         948
         946         947      0.0000         946         947
         948         949      0.0000         948         949
         948         950      0.1872         948         950
         950         952      0.1872         950         952
         950         951      0.0000         950         951
         950         960      0.1872         950         960
         952         953      0.1872         952         953
         952         954      0.0000         952         954
         952         955      1.0000         952         955
         955         957      1.0000         955         957
         955         956      0.0000         955         956
         957         958      0.0000         957         958
         957         959      0.0000         957         959
         960         961      0.1872         960         961
         960         962      0.0000         960         962
         962         963      0.0000         962         963
         962         964      0.1872         962         964
         964         965      0.1872         964         965
         964         979      0.1872         964         979
         964         966      0.1872         964         966
         966         968      1.0000         966         968
         966         972      0.1872         966         972
         966         967      0.0000         966         967
         968         969      1.0000         968         969
         968         970      0.0000         968         970
         968         971      0.0000         968         971
         972         975      1.0000         972         975
         972         974      0.0000         972         974
         972         973      0.0000         972         973
         972        1069      0.1872         972        1069
         975         977      1.0000         975         977
         975         976      0.0000         975         976
         975         978      0.0000         975         978
         979         980      0.1872         979         980
         979         981      0.0000         979         981
         981         982      0.1872         981         982
         981         983      0.1872         981         983
         983         984      0.1872         983         984
         983         985      1.0000         983         985
         983         996      0.1872         983         996
         985         988      1.0000         985         988
         985         986      0.0000         985         986
         985         987      0.0000         985         987
         988         990      1.0000         988         990
         988         991      1.0000         988         991
         988         989      0.0000         988         989
         991         993      1.0000         991         993
         991         992      0.0000         991         992
         993         994      0.0000         993         994
         993         995      0.0000         993         995
         996         997      0.1872         996         997
         996         998      0.0000         996         998
         998         999      0.0000         998         999
         998        1000      0.1872         998        1000
        1000        1002      0.1872        1000        1002
        1000        1001      0.0000        1000        1001
        1000        1018      0.1872        1000        1018
        1002        1005      0.1872        1002        1005
        1002        1004      0.0000        1002        1004
        1002        1003      0.0000        1002        1003
        1005        1007      0.1872        1005        1007
        1005        1006      0.0000        1005        1006
        1005        1008      1.0000        1005        1008
        1008        1009      1.0000        1008        1009
        1008        1010      0.0000        1008        1010
        1008        1011      1.0000        1008        1011
        1011        1012      1.0000        1011        1012
        1011        1013      0.0000        1011        1013
        1011        1014      1.0000        1011        1014
        1014        1015      1.0000        1014        1015
        1014        1016      0.0000        1014        1016
        1014        1017      0.0000        1014        1017
        1018        1019      0.1872        1018        1019
        1018        1020      0.0000        1018        1020
        1020        1021      0.0000        1020        1021
        1020        1022      0.1872        1020        1022
        1022        1023      0.1872        1022        1023
        1022        1024      0.1872        1022        1024
        1022        1033      0.1872        1022        1033
        1024        1025      0.1872        1024        1025
        1024        1027      0.1872        1024        1027
        1024        1026      0.0000        1024        1026
        1027        1028      0.1872        1027        1028
        1027        1029      0.0000        1027        1029
        1027        1030      0.1872        1027        1030
        1030        1031      0.1872        1030        1031
        1030        1032      0.1872        1030        1032
        1032        1084      0.1872        1032        1084
        1033        1034      0.1872        1033        1034
        1033        1035      0.0000        1033        1035
        1035        1036      0.0000        1035        1036
        1035        1037      0.1872        1035        1037
        1037        1038      0.1872        1037        1038
        1037        1044      0.1872        1037        1044
        1037        1039      1.0000        1037        1039
        1039        1040      1.0000        1039        1040
        1039        1041      0.0000        1039        1041
        1039        1042      1.0000        1039        1042
        1042        1043      1.0000        1042        1043
        1044        1045      0.1872        1044        1045
        1044        1046      0.0000        1044        1046
        1046        1048      0.1872        1046        1048
        1046        1047      0.0000        1046        1047
        1048        1049      0.1872        1048        1049
        1048        1050      0.1872        1048        1050
        1048        1058      0.1872        1048        1058
        1050        1051      0.1872        1050        1051
        1050        1052      1.0000        1050        1052
        1050        1054      0.1872        1050        1054
        1052        1053      1.0000        1052        1053
        1054        1056      0.1872        1054        1056
        1054        1055      0.0000        1054        1055
        1054        1057      0.0000        1054        1057
        1058        1059      0.1872        1058        1059
        1058        1060      0.0000        1058        1060
        1060        1062      0.1872        1060        1062
        1060        1061      0.1872        1060        1061
        1062        1064      0.1872        1062        1064
        1062        1063      0.0000        1062        1063
        1062        1077      0.1872        1062        1077
        1064        1065      0.1872        1064        1065
        1064        1066      0.0000        1064        1066
        1064        1067      0.1872        1064        1067
        1067        1069      0.1872        1067        1069
        1067        1073      0.1872        1067        1073
        1067        1068      0.0000        1067        1068
        1069        1071      0.1872        1069        1071
        1069        1070      0.0000        1069        1070
        1069        1072      0.0000        1069        1072
        1073        1074      0.1872        1073        1074
        1073        1075      0.0000        1073        1075
        1073        1076      0.0000        1073        1076
        1077        1078      0.1872        1077        1078
        1077        1079      0.0000        1077        1079
        1079        1080      0.0000        1079        1080
        1079        1081      0.1872        1079        1081
        1081        1094      0.1872        1081        1094
        1081        1082      0.0000        1081        1082
        1081        1086      0.1872        1081        1086
        1083        1084      0.1872        1083        1084
        1083        1092     -0.1667        1083        1092
        1083        1085     -0.1667        1083        1085
        1085        1086      0.1872        1085        1086
        1085        1090     -0.1667        1085        1090
        1086        1088      0.1872        1086        1088
        1086        1087      0.0000        1086        1087
        1089        1092     -0.1667        1089        1092
        1089        1090     -0.1667        1089        1090
        1090        1091      0.0000        1090        1091
        1092        1093      0.0000        1092        1093
        1094        1095      0.1872        1094        1095
        1094        1096      0.0000        1094        1096
        1096        1097      0.1872        1096        1097
        1096        1098      0.1872        1096        1098
        1098        1099      0.1872        1098        1099
        1098        1100      0.1872        1098        1100
        1098        1113      0.1872        1098        1113
        1100        1103      0.1872        1100        1103
        1100        1101      0.0000        1100        1101
        1100        1102      0.0000        1100        1102
        1103        1104      0.1872        1103        1104
        1103        1105      0.1872        1103        1105
        1103        1109      0.1872        1103        1109
        1105        1106      0.1872        1105        1106
        1105        1107      0.0000        1105        1107
        1105        1108      0.0000        1105        1108
        1109        1112      0.1872        1109        1112
        1109        1110      0.0000        1109        1110
        1109        1111      0.0000        1109        1111
        1113        1115      0.1872        1113        1115
        1113        1114      0.1872        1113        1114
        1115        1116      0.1872        1115        1116
        1115        1117      0.1872        1115        1117
        1117        1129      0.1872        1117        1129
        1117        1119      0.1872        1117        1119
        1117        1118      0.0000        1117        1118
        1119        1121      0.1872        1119        1121
        1119        1120      0.0000        1119        1120
        1119        1125      0.1872        1119        1125
        1121        1122      0.1872        1121        1122
        1121        1123      0.0000        1121        1123
        1121        1124      0.0000        1121        1124
        1125        1128      0.1872        1125        1128
        1125        1126      0.0000        1125        1126
        1125        1127      0.0000        1125        1127
        1125        1157      0.1872        1125        1157
        1129        1130      0.1872        1129        1130
        1129        1131      0.0000        1129        1131
        1131        1132      0.1872        1131        1132
        1131        1133      0.1872        1131        1133
        1133        1134      0.1872        1133        1134
        1133        1148      0.1872        1133        1148
        1133        1135      0.1872        1133        1135
        1135        1137      0.1872        1135        1137
        1135        1136      0.0000        1135        1136
        1135        1138      1.0000        1135        1138
        1138        1140      1.0000        1138        1140
        1138        1139      0.0000        1138        1139
        1138        1144      1.0000        1138        1144
        1140        1141      1.0000        1140        1141
        1140        1142      0.0000        1140        1142
        1140        1143      0.0000        1140        1143
        1144        1145      1.0000        1144        1145
        1144        1146      0.0000        1144        1146
        1144        1147      0.0000        1144        1147
        1148        1149      0.1872        1148        1149
        1148        1150      0.0000        1148        1150
        1150        1151      0.1872        1150        1151
        1150        1152      0.1872        1150        1152
        1152        1153      0.1872        1152        1153
        1152        1154      0.1872        1152        1154
        1152        1172      0.1872        1152        1172
        1154        1155      0.1872        1154        1155
        1154        1156      0.0000        1154        1156
        1154        1157      0.1872        1154        1157
        1157        1160      1.0000        1157        1160
        1157        1159      0.0000        1157        1159
        1157        1158      0.0000        1157        1158
        1160        1161      1.0000        1160        1161
        1160        1163      1.0000        1160        1163
        1160        1162      0.0000        1160        1162
        1163        1164      1.0000        1163        1164
        1163        1165      0.0000        1163        1165
        1165        1166      0.0000        1165        1166
        1165        1169      0.0000        1165        1169
        1166        1167      0.0000        1166        1167
        1166        1168      0.0000        1166        1168
        1169        1170      0.0000        1169        1170
        1169        1171      0.0000        1169        1171
        1172        1173      0.1872        1172        1173
        1172        1174      0.0000        1172        1174
        1174        1175      0.0000        1174        1175
        1174        1176      0.1872        1174        1176
        1176        1191      0.1872        1176        1191
        1176        1177      0.0000        1176        1177
        1176        1178      1.0000        1176        1178
        1178        1179      1.0000        1178        1179
        1178        1180      0.0000        1178        1180
        1178        1181      1.0000        1178        1181
        1181        1182      1.0000        1181        1182
        1181        1183      1.0000        1181        1183
        1181        1187      1.0000        1181        1187
        1183        1184      1.0000        1183        1184
        1183        1185      0.0000        1183        1185
        1183        1186      0.0000        1183        1186
        1187        1188      1.0000        1187        1188
        1187        1189      0.0000        1187        1189
        1187        1190      0.0000        1187        1190
        1191        1193      0.1872        1191        1193
        1191        1192      0.0000        1191        1192
        1193        1195      0.1872        1193        1195
        1193        1194      0.1872        1193        1194
        1195        1196      0.1872        1195        1196
        1195        1197      0.1872        1195        1197
        1195        1215      1.0000        1195        1215
        1197        1198      0.1872        1197        1198
        1197        1199      0.0000        1197        1199
        1197        1200      0.1872        1197        1200
        1200        1202      0.1872        1200        1202
        1200        1203      0.1872        1200        1203
        1200        1201      0.0000        1200        1201
        1203        1204      0.1872        1203        1204
        1203        1205      0.0000        1203        1205
        1203        1206      0.1872        1203        1206
        1206        1208      0.1872        1206        1208
        1206        1207      0.1872        1206        1207
        1208        1209      0.0000        1208        1209
        1208        1212      0.0000        1208        1212
        1209        1210      0.0000        1209        1210
        1209        1211      0.0000        1209        1211
        1212        1214      0.0000        1212        1214
        1212        1213      0.0000        1212        1213
        1215        1217      1.0000        1215        1217
        1215        1216      0.0000        1215        1216
        1217        1218      0.0000        1217        1218
        1217        1219      1.0000        1217        1219
        1219        1222      1.0000        1219        1222
        1219        1221      0.0000        1219        1221
        1219        1220      0.0000        1219        1220
        1222        1223      1.0000        1222        1223
        1222        1224      0.0000        1222        1224
        1224        1226      1.0000        1224        1226
        1224        1225      0.0000        1224        1225
        1226        1227      1.0000        1226        1227
        1226        1228      0.0000        1226        1228
        1226        1229      1.0000        1226        1229
        1229        1230      1.0000        1229        1230
        1229        1231      0.0000        1229        1231
