1 9.818182e-01 1
2 3.636364e-01 0
3 3.454545e-01 1
4 2.545455e-01 0
5 1 1
6 5.090909e-01 1
7 3.818182e-01 0
8 4.363636e-01 0
9 6.363636e-01 1
10 1 1
11 2.727273e-01 0
12 2.000000e-01 0
13 4.363636e-01 1
14 3.818182e-01 1
15 5.090909e-01 1
16 8.909091e-01 0
17 1.636364e-01 0
18 6.000000e-01 1
19 9.272727e-01 1
20 6.545455e-01 1
21 2.363636e-01 1
22 6.363636e-01 1
23 1 1
24 4.363636e-01 1
25 8.000000e-01 1
26 3.272727e-01 1
27 5.272727e-01 1
28 3.818182e-01 1
29 9.454545e-01 1
30 1 1
31 6.909091e-01 1
32 9.636364e-01 1
33 1 1
34 6.363636e-01 1
35 5.272727e-01 1
36 3.272727e-01 1
37 1.636364e-01 0
38 2.000000e-01 1
39 3.818182e-01 1
40 1 1
41 5.636364e-01 1
42 8.727273e-01 1
43 1 1
44 4.181818e-01 1
45 2.545455e-01 0
46 4.909091e-01 1
47 1.272727e-01 0
48 3.636364e-01 1
49 2.909091e-01 0
50 2.000000e-01 0
51 4.181818e-01 0
52 5.818182e-01 1
53 6.363636e-01 1
54 5.818182e-01 1
55 3.272727e-01 1
56 1 1
57 1.272727e-01 0
58 8.363636e-01 1
59 5.272727e-01 1
60 2.181818e-01 1
61 2.000000e-01 0
62 4.727273e-01 0
63 2.181818e-01 0
64 1.636364e-01 1
65 1.636364e-01 0
66 3.272727e-01 1
67 7.090909e-01 1
68 5.272727e-01 1
69 6.909091e-01 1
70 5.090909e-01 1
