1 -1000.000000 27.142857
2 -1000.000000 21.428571
3 -1000.000000 30.000000
4 -1000.000000 45.714286
5 -1000.000000 32.857143
6 -1000.000000 55.714286
7 -1000.000000 44.285714
8 -1000.000000 52.857143
9 -1000.000000 44.285714
10 -1000.000000 57.142857
11 -1000.000000 40.000000
12 -1000.000000 38.571429
13 -1000.000000 21.428571
14 -1000.000000 34.285714
15 -1000.000000 24.285714
16 -1000.000000 54.285714
17 -1000.000000 47.142857
18 -1000.000000 60.000000
19 -1000.000000 51.428571
20 -1000.000000 60.000000
21 -1000.000000 44.285714
22 -1000.000000 45.714286
23 -1000.000000 34.285714
24 -1000.000000 40.000000
25 -1000.000000 30.000000
26 -1000.000000 54.285714
27 -1000.000000 57.142857
28 -1000.000000 38.571429
29 -1000.000000 44.285714
30 -1000.000000 60.000000
31 -1000.000000 47.142857
32 -1000.000000 54.285714
33 -1000.000000 58.571429
34 -1000.000000 40.000000
35 -1000.000000 27.142857
36 -1000.000000 52.857143
37 -1000.000000 47.142857
38 -1000.000000 51.428571
39 -1000.000000 58.571429
40 -1000.000000 51.428571
41 -1000.000000 71.428571
42 -1000.000000 47.142857
43 -1000.000000 50.000000
44 -1000.000000 42.857143
45 -1000.000000 38.571429
46 -1000.000000 40.000000
47 -1000.000000 40.000000
48 -1000.000000 47.142857
49 -1000.000000 42.857143
50 -1000.000000 44.285714
51 -1000.000000 51.428571
52 -1000.000000 50.000000
53 -1000.000000 54.285714
54 -1000.000000 44.285714
55 -1000.000000 31.428571
56 -1000.000000 41.428571
57 -1000.000000 35.714286
58 -1000.000000 37.142857
59 -1000.000000 34.285714
60 -1000.000000 57.142857
61 -1000.000000 58.571429
62 -1000.000000 61.428571
63 -1000.000000 58.571429
64 -1000.000000 60.000000
65 -1000.000000 55.714286
66 -1000.000000 41.428571
67 -1000.000000 27.142857
68 -1000.000000 50.000000
69 -1000.000000 52.857143
70 -1000.000000 52.857143
71 -1000.000000 45.714286
72 -1000.000000 67.142857
73 -1000.000000 42.857143
74 -1000.000000 60.000000
75 -1000.000000 31.428571
76 -1000.000000 48.571429
77 -1000.000000 31.428571
78 -1000.000000 25.714286
79 -1000.000000 54.285714
80 -1000.000000 45.714286
81 -1000.000000 45.714286
82 -1000.000000 62.857143
83 -1000.000000 51.428571
84 -1000.000000 48.571429
85 -1000.000000 51.428571
86 -1000.000000 55.714286
87 -1000.000000 58.571429
88 -1000.000000 54.285714
89 -1000.000000 30.000000
90 -1000.000000 57.142857
91 -1000.000000 47.142857
92 -1000.000000 45.714286
93 -1000.000000 34.285714
94 -1000.000000 17.142857
95 -1000.000000 54.285714
96 -1000.000000 38.571429
97 -1000.000000 50.000000
98 -1000.000000 62.857143
99 -1000.000000 40.000000
100 -1000.000000 41.428571
101 -1000.000000 51.428571
102 -1000.000000 42.857143
103 -1000.000000 40.000000
104 -1000.000000 34.285714
105 -1000.000000 51.428571
106 -1000.000000 52.857143
107 -1000.000000 48.571429
108 -1000.000000 37.142857
109 -1000.000000 37.142857
110 -1000.000000 41.428571
111 -1000.000000 38.571429
112 -1000.000000 61.428571
113 -1000.000000 30.000000
114 -1000.000000 35.714286
115 -1000.000000 37.142857
116 -1000.000000 57.142857
117 -1000.000000 37.142857
118 -1000.000000 37.142857
119 -1000.000000 40.000000
120 -1000.000000 40.000000
121 -1000.000000 35.714286
