1 9.245283e-01 1
2 3.018868e-01 0
3 4.150943e-01 1
4 9.433962e-02 1
5 8.113208e-01 1
6 2.641509e-01 0
7 5.471698e-01 1
8 1 1
9 8.301887e-01 1
10 9.622642e-01 1
11 4.716981e-01 0
12 2.641509e-01 1
13 5.471698e-01 1
14 5.471698e-01 1
15 1.320755e-01 0
16 4.150943e-01 0
17 3.773585e-01 0
18 3.584906e-01 0
19 3.207547e-01 1
20 2.641509e-01 0
21 1.132075e-01 0
22 3.773585e-01 1
23 6.037736e-01 1
24 1.320755e-01 0
25 3.207547e-01 1
26 9.433962e-02 1
27 2.830189e-01 0
28 2.075472e-01 1
29 3.962264e-01 1
30 5.471698e-01 1
31 3.962264e-01 1
32 6.792453e-01 1
33 7.735849e-01 1
34 6.037736e-01 1
35 5.849057e-01 1
36 3.396226e-01 0
37 1.886792e-01 0
38 1.320755e-01 0
39 1.886792e-01 1
40 1 1
41 6.226415e-01 1
42 7.924528e-01 1
43 7.547170e-01 1
44 4.905660e-01 1
45 1.509434e-01 0
46 2.075472e-01 0
47 3.773585e-02 0
48 1.698113e-01 1
49 2.830189e-01 0
50 1.320755e-01 0
51 1.698113e-01 0
52 4.339623e-01 1
53 6.981132e-01 1
54 2.641509e-01 1
55 2.641509e-01 0
56 1 1
57 5.660377e-02 1
58 3.396226e-01 1
59 4.716981e-01 1
60 1.509434e-01 1
61 9.433962e-02 0
62 1.320755e-01 0
63 1.132075e-01 0
64 1.698113e-01 0
65 7.547170e-02 0
66 5.471698e-01 1
67 2.264151e-01 0
68 1.886792e-01 0
69 1.886792e-01 1
70 7.169811e-01 1
