1 9.818182e-01 1
2 2.363636e-01 0
3 4.000000e-01 1
4 3.636364e-01 0
5 1 1
6 5.090909e-01 1
7 4.181818e-01 0
8 4.909091e-01 0
9 6.000000e-01 1
10 1 1
11 2.909091e-01 0
12 1.454545e-01 0
13 4.909091e-01 1
14 4.363636e-01 1
15 3.818182e-01 1
16 8.909091e-01 0
17 1.818182e-01 0
18 5.818182e-01 1
19 9.272727e-01 1
20 6.545455e-01 1
21 2.363636e-01 1
22 6.545455e-01 1
23 1 1
24 4.363636e-01 1
25 8.181818e-01 1
26 3.818182e-01 1
27 5.636364e-01 1
28 4.545455e-01 1
29 9.454545e-01 1
30 1 1
31 7.272727e-01 1
32 9.818182e-01 1
33 1 1
34 7.090909e-01 1
35 5.272727e-01 1
36 3.272727e-01 1
37 1.636364e-01 0
38 2.181818e-01 1
39 4.545455e-01 1
40 1 1
41 6.181818e-01 1
42 8.909091e-01 1
43 1 1
44 4.545455e-01 1
45 2.363636e-01 0
46 5.272727e-01 1
47 9.090909e-02 0
48 3.636364e-01 1
49 2.545455e-01 0
50 9.090909e-02 0
51 3.636364e-01 0
52 5.818182e-01 1
53 5.818182e-01 1
54 5.454545e-01 1
55 3.272727e-01 1
56 1 1
57 3.636364e-02 0
58 8.727273e-01 1
59 5.272727e-01 1
60 3.272727e-01 1
61 1.818182e-01 1
62 9.090909e-02 0
63 1.090909e-01 0
64 2.000000e-01 1
65 1.272727e-01 0
66 3.090909e-01 1
67 6.363636e-01 1
68 4.727273e-01 1
69 6.000000e-01 1
70 4.909091e-01 1
