1 -16.555482 35.714286
2 -17.614346 51.428571
3 -20.428422 47.142857
4 -24.224157 28.571429
5 -10.521353 64.285714
6 -18.482190 44.285714
7 -16.317487 65.714286
8 -11.348616 50.000000
9 -16.939012 48.571429
10 -9.558558 44.285714
11 -10.546912 61.428571
12 -11.801632 60.000000
13 -15.807396 42.857143
14 -11.144164 41.428571
15 -15.458233 48.571429
16 -13.394968 47.142857
17 -19.399152 50.000000
18 -10.073441 58.571429
19 -25.024901 32.857143
20 -20.291069 31.428571
21 -10.503569 68.571429
22 -23.815215 40.000000
23 -19.446574 44.285714
24 -20.762018 41.428571
25 -10.763124 42.857143
26 -20.214016 54.285714
27 -9.231254 42.857143
28 -21.539017 50.000000
29 -20.747373 31.428571
30 -13.267222 51.428571
31 -15.652559 52.857143
32 -18.324258 44.285714
33 -17.057991 47.142857
34 -11.503710 54.285714
35 -30.497447 28.571429
36 -10.761057 67.142857
37 -12.796661 50.000000
38 -24.241811 27.142857
39 -12.030840 50.000000
40 -21.863726 37.142857
41 -11.681064 57.142857
42 -19.771598 55.714286
43 -16.870422 41.428571
44 -16.443035 51.428571
45 -9.345488 44.285714
46 -12.302419 58.571429
47 -9.114870 41.428571
48 -9.221337 54.285714
49 -16.192884 32.857143
50 -10.296434 51.428571
51 -15.183440 62.857143
52 -16.365716 52.857143
53 -9.383128 58.571429
54 -15.957152 52.857143
55 -22.494511 47.142857
56 -16.925065 44.285714
57 -15.313160 44.285714
58 -21.361122 30.000000
59 -12.521347 41.428571
60 -14.624801 65.714286
61 -8.228041 60.000000
62 -17.644164 51.428571
63 -21.881788 52.857143
64 -20.484257 55.714286
65 -23.189311 30.000000
66 -9.808357 24.285714
67 -24.166804 41.428571
68 -21.266964 41.428571
69 -22.285128 52.857143
70 -27.600433 31.428571
71 -21.910785 51.428571
72 -23.165320 42.857143
73 -19.998455 40.000000
74 -20.987957 41.428571
75 -11.253723 71.428571
76 -16.509437 37.142857
77 -19.286778 47.142857
78 -20.077545 37.142857
79 -29.631621 31.428571
80 -14.413261 61.428571
81 -15.420224 57.142857
82 -22.159178 55.714286
83 -23.079132 47.142857
84 -11.013072 25.714286
85 -17.005238 44.285714
86 -13.139927 62.857143
