
  1231
   8.5570000  28.4870000  30.7750000   8.9260000  29.3810000  31.0960000
   8.4600000  28.5050000  29.7610000   7.6490000  28.3230000  31.2010000
   9.4820000  27.3990000  31.1640000   9.5850000  27.3750000  32.2340000
   8.9560000  26.0350000  30.6610000   9.5210000  25.2520000  31.1340000
   7.9230000  25.9430000  30.9400000   9.0690000  25.8690000  29.1360000
  10.0960000  26.0200000  28.8590000   8.7730000  24.8620000  28.8860000
   8.0530000  27.0200000  28.1550000   6.5030000  26.0960000  28.3990000
   6.6100000  25.0750000  27.9910000   6.2730000  26.0400000  29.4790000
   5.6840000  26.6160000  27.8740000  10.8100000  27.6490000  30.5330000
  10.9920000  28.6250000  29.7940000  11.8650000  26.6890000  30.7930000
  11.7130000  25.9200000  31.4420000  13.1230000  26.8920000  30.1400000
  13.3730000  27.9410000  30.1520000  14.2710000  26.0830000  30.7740000
  14.3610000  26.3740000  31.8110000  14.0220000  25.0330000  30.7140000
  15.6270000  26.3020000  30.0870000  15.5850000  25.9570000  29.0630000
  15.8880000  27.3510000  30.1040000  16.6610000  25.4960000  30.8650000
  17.8460000  25.5000000  30.5300000  16.2000000  24.7880000  31.9460000
  16.8400000  24.2370000  32.5030000  15.2190000  24.8140000  32.1910000
  12.9310000  26.4400000  28.7240000  12.4780000  25.3150000  28.4680000
  13.2470000  27.2950000  27.7430000  13.6100000  28.1930000  28.0400000
  13.0890000  27.0090000  26.3470000  12.8170000  25.9790000  26.2170000
  12.0770000  27.8930000  25.6570000  11.2550000  28.0430000  26.3300000
  12.7370000  29.2630000  25.3970000  13.0430000  29.7130000  26.3570000
  13.6230000  29.1290000  24.7540000  12.0180000  29.9280000  24.8930000
  11.5260000  27.2470000  24.3630000  11.1410000  26.2740000  24.6140000
  10.7270000  27.8640000  23.9990000  12.5450000  27.0770000  23.2320000
  12.9450000  28.0660000  22.9450000  13.3690000  26.4340000  23.5760000
  12.0540000  26.6100000  22.3610000  14.4200000  27.2600000  25.7300000
  15.1380000  28.1780000  26.1300000  14.9020000  26.3850000  24.7350000
  14.2510000  25.6350000  24.5050000  16.1380000  26.5160000  24.0120000
  16.7680000  27.2690000  24.4590000  16.8840000  25.1610000  23.9030000
  17.0070000  24.7570000  24.8920000  16.2960000  24.4770000  23.3050000
  18.2370000  25.3330000  23.2660000  18.3920000  25.2890000  21.8930000
  17.5220000  25.1320000  21.2560000  19.6490000  25.4440000  21.3270000
  19.7620000  25.4080000  20.2430000  20.7630000  25.6440000  22.1190000
  21.7490000  25.7670000  21.6640000  20.6160000  25.6850000  23.4900000
  21.4870000  25.8420000  24.1270000  19.3600000  25.5280000  24.0500000
  19.2500000  25.5580000  25.1340000  15.7500000  26.8980000  22.6170000
  15.1410000  26.0980000  21.8920000  15.9460000  28.0360000  22.2960000
  16.2890000  28.6680000  23.0070000  15.7410000  28.5100000  20.9590000
  15.1250000  27.8290000  20.4070000  15.1830000  29.9020000  20.8880000
  15.8330000  30.5610000  21.4300000  15.1550000  30.3360000  19.4110000
  16.1800000  30.3180000  19.0030000  14.5170000  29.6450000  18.8350000
  14.7480000  31.3570000  19.3380000  13.7970000  29.9140000  21.5610000
  13.1270000  29.2140000  21.0340000  13.8990000  29.6060000  22.6150000
  13.3740000  30.9300000  21.5170000  17.1140000  28.5420000  20.3980000
  17.9390000  29.3640000  20.8040000  17.4360000  27.5810000  19.4040000
  16.6400000  27.0900000  18.9950000  18.7640000  27.3630000  18.9020000
  19.4750000  27.5600000  19.6950000  19.0020000  25.9250000  18.3640000
  18.8080000  25.2290000  19.1590000  18.3120000  25.7410000  17.5460000
  20.4420000  25.6910000  17.8600000  20.5670000  26.2440000  16.9480000
  21.1330000  26.0620000  18.6110000  20.7820000  24.2110000  17.5740000
  21.8460000  24.0620000  17.7300000  20.2330000  23.6010000  18.2650000
  20.4240000  23.7600000  16.1400000  20.5990000  22.6960000  16.0360000
  19.3800000  23.9790000  15.9420000  21.2750000  24.4860000  15.1690000
  21.1100000  25.4910000  15.2660000  22.2620000  24.2790000  15.3560000
  21.0350000  24.1850000  14.2190000  19.0550000  28.2680000  17.7660000
  18.6890000  27.9960000  16.6090000  19.5960000  29.4070000  18.1190000
  19.6360000  29.6550000  19.1110000  20.2090000  30.2620000  17.1680000
  19.8730000  30.0620000  16.1550000  20.1400000  31.7380000  17.5250000
  20.6300000  32.2980000  16.7550000  18.6520000  32.1910000  17.6010000
  18.1580000  32.0190000  16.6140000  18.1370000  31.6060000  18.3800000
  18.5970000  33.2710000  17.8630000  20.8020000  31.9790000  18.7820000
  20.7520000  32.9240000  19.0010000  21.6150000  29.8000000  17.4050000
  21.8240000  28.7580000  18.0430000  22.6630000  30.4760000  16.7520000
  22.5840000  31.3250000  16.1940000  23.9410000  29.7610000  17.0140000
  23.8170000  28.6990000  16.7330000  25.1570000  30.3160000  16.2200000
  25.2550000  31.3890000  16.4790000  26.0890000  29.7790000  16.5220000
  24.9650000  30.1370000  14.6570000  24.7360000  29.0810000  14.4420000
  23.7110000  30.9860000  14.1420000  22.7640000  30.6470000  14.6290000
  23.8730000  32.0800000  14.4020000  23.6010000  30.8380000  13.0240000
  26.3100000  30.4310000  13.9140000  26.6230000  31.4940000  14.1590000
  27.1370000  29.7180000  14.2470000  26.1350000  30.2940000  12.8030000
  24.3150000  29.8900000  18.5230000  24.6710000  28.8700000  19.1560000
  23.8890000  31.1540000  19.1020000  23.3860000  31.8710000  18.5640000
  24.3080000  31.4860000  20.4850000  25.3610000  31.2050000  20.5560000
  24.2360000  32.9810000  20.7690000  24.7720000  33.4940000  19.9930000
  22.7390000  33.4550000  20.7490000  22.2880000  33.2360000  19.7410000
  22.1790000  32.9180000  21.5360000  22.6790000  34.5500000  20.9570000
  24.8460000  33.2740000  22.0550000  24.7960000  34.2310000  22.2290000
  23.6260000  30.8080000  21.6680000  24.3400000  30.1700000  22.4810000
  22.0890000  31.1950000  21.8500000  21.5090000  31.5340000  21.0860000
  21.5190000  30.7860000  23.1270000  21.6750000  29.7230000  23.2370000
  22.0340000  31.3160000  23.9210000  20.0150000  31.0800000  23.2320000
  19.3550000  31.3550000  22.2230000  19.1740000  31.3350000  24.3290000
  19.7600000  31.2510000  25.1500000  17.7230000  31.3930000  24.5010000
  17.3410000  32.2390000  23.9690000  17.0660000  30.1180000  23.9550000
  16.0620000  30.0510000  24.3410000  17.0350000  30.1730000  22.8810000
  17.8420000  28.8510000  24.3630000  17.3630000  28.0030000  23.9040000
  18.8500000  28.9380000  23.9930000  17.9040000  28.6100000  25.8790000
  18.2160000  29.5250000  26.3520000  16.9140000  28.3520000  26.2160000
  18.8610000  27.5030000  26.3170000  18.5590000  26.5740000  25.8620000
  19.8610000  27.7480000  26.0010000  18.8310000  27.3640000  27.7920000
  19.1180000  28.2410000  28.2230000  17.8870000  27.1310000  28.0920000
  19.4690000  26.6280000  28.0720000  17.2760000  31.4750000  25.9660000
  18.0980000  31.3180000  26.8690000  15.7860000  31.7620000  26.3300000
  15.2460000  32.0690000  25.5320000  15.0790000  31.6600000  27.6080000
  15.0860000  30.6380000  27.9280000  15.6790000  32.5140000  28.6890000
  16.7320000  32.3220000  28.7470000  15.4510000  33.9910000  28.3290000
  15.9360000  34.2120000  27.3650000  14.3700000  34.1880000  28.2520000
  15.8870000  34.6320000  29.1140000  15.0780000  32.2160000  29.9410000
  15.4690000  32.7680000  30.6240000  13.6300000  32.1150000  27.4250000
  13.4010000  33.0930000  26.7180000  12.4330000  31.7710000  27.7750000
  12.6080000  31.0070000  28.4150000  11.0700000  32.2330000  27.5270000
  11.0980000  33.2940000  27.3700000  10.3830000  31.5980000  26.3480000
   9.4440000  32.0940000  26.2130000  11.2390000  31.8540000  25.0920000
  11.3410000  32.9420000  24.9320000  12.2370000  31.4080000  25.2300000
  10.7520000  31.3960000  24.2150000  10.0970000  30.1090000  26.6230000
  11.0240000  29.5710000  26.5760000   9.6780000  30.0190000  27.6110000
   9.1240000  29.4780000  25.6250000   8.1610000  30.0120000  25.6660000
   9.5420000  29.5510000  24.6050000   8.9670000  28.4150000  25.8820000
  10.1430000  31.9490000  28.6870000  10.4690000  31.2070000  29.6110000
   8.8340000  32.7050000  28.5270000   8.6170000  33.2990000  27.7320000
   7.8230000  32.5010000  29.5400000   8.2880000  32.1380000  30.4390000
   7.0350000  33.7410000  29.8640000   7.7080000  34.5540000  30.0690000
   6.1630000  34.1030000  28.6410000   6.8080000  34.2910000  27.7630000
   5.4780000  33.2620000  28.4180000   5.5780000  35.0130000  28.8660000
   6.2180000  33.5090000  31.0100000   5.7170000  34.3080000  31.2100000
   6.8460000  31.4630000  29.0390000   6.8080000  31.1360000  27.8460000
   6.0210000  30.9500000  29.8790000   6.1010000  31.3060000  30.8300000
   5.0550000  29.8980000  29.6250000   5.5470000  29.0820000  29.1260000
   4.4050000  29.3570000  30.9230000   3.9390000  30.1830000  31.4380000
   3.6580000  28.6260000  30.6500000   5.4030000  28.6850000  31.8960000
   5.9530000  27.9630000  31.3210000   6.4220000  29.7100000  32.4500000
   6.9870000  30.1570000  31.6080000   5.8920000  30.5110000  32.9990000
   7.1180000  29.1970000  33.1400000   4.6760000  27.9040000  33.0180000
   4.0450000  28.6020000  33.5980000   4.0440000  27.1130000  32.5640000
   5.4170000  27.4380000  33.6930000   3.9450000  30.3880000  28.7410000
   3.4630000  29.6600000  27.8590000   3.4580000  31.6550000  29.0190000
   3.9480000  32.2300000  29.7010000   2.3220000  32.2170000  28.3350000
   1.4890000  31.5510000  28.4770000   1.9360000  33.6160000  28.8790000
   1.0730000  33.9560000  28.3320000   1.6890000  33.5120000  29.9270000
   3.0310000  34.6890000  28.7500000   3.9040000  34.3850000  29.3020000
   3.2870000  34.8310000  27.7090000   2.4800000  35.9920000  29.3340000
   2.1230000  35.9900000  30.5520000   2.4050000  37.0040000  28.5680000
   2.5800000  32.3330000  26.8520000   1.6490000  32.2710000  26.0420000
   3.8310000  32.3710000  26.5720000   4.5530000  32.2770000  27.2730000
   4.2030000  32.7020000  25.2220000   3.7880000  33.6650000  24.9950000
   5.6880000  32.7880000  25.0120000   6.1060000  33.4370000  25.7580000
   6.2920000  31.3800000  25.1850000   6.0780000  31.0090000  26.2030000
   5.8470000  30.6940000  24.4420000   7.3810000  31.4280000  25.0340000
   5.9460000  33.4010000  23.6200000   5.4910000  32.7600000  22.8450000
   5.5010000  34.4100000  23.5730000   7.0310000  33.4730000  23.4470000
   3.6600000  31.7210000  24.2180000   3.4620000  30.5360000  24.5000000
   3.2640000  32.2760000  22.9730000   3.4050000  33.2720000  22.8590000
   2.8030000  31.5350000  21.8300000   2.5890000  30.5210000  22.1030000
   1.5760000  32.1830000  21.1620000   1.2460000  31.5420000  20.3630000
   0.7980000  32.2680000  21.8970000   1.8460000  33.5750000  20.5860000
   2.1580000  34.2440000  21.3680000   2.6130000  33.5170000  19.8370000
   0.5460000  34.0720000  19.9610000  -0.5080000  33.4220000  20.1990000
   0.5870000  35.1070000  19.2390000   3.9190000  31.5790000  20.8260000
   4.7660000  32.4700000  20.8970000   3.9430000  30.6640000  19.9250000
   3.7000000  29.2680000  20.2620000   2.6530000  29.0420000  20.1880000
   4.0430000  29.0600000  21.2600000   4.4990000  28.4390000  19.2390000
   3.8800000  27.6780000  18.8010000   5.3510000  27.9820000  19.7060000
   4.9440000  29.4570000  18.1710000   4.2250000  29.5290000  17.3750000
   5.9040000  29.2000000  17.7650000   5.0100000  30.7490000  18.9760000
   5.9120000  30.6870000  19.5500000   5.1130000  32.0240000  18.1960000
   6.2330000  32.4150000  17.8740000   4.0940000  32.7800000  17.8880000
   3.1690000  32.4240000  18.0940000   4.2660000  34.0340000  17.2100000
   4.8510000  33.8840000  16.3250000   2.9230000  34.6920000  16.8370000
   2.3730000  34.0360000  16.1880000   2.3540000  34.8710000  17.7320000
   3.1500000  35.9260000  16.1730000   2.3060000  36.3280000  15.9460000
   4.9830000  34.9650000  18.1360000   5.8650000  35.7200000  17.7240000
   4.7310000  34.9710000  19.3510000   3.9970000  34.3410000  19.6430000
   5.3260000  35.8580000  20.3140000   5.2980000  36.8550000  19.9250000
   4.6010000  35.8340000  21.6770000   3.5390000  35.9230000  21.5240000
   4.8160000  34.9110000  22.1850000   5.0970000  37.0050000  22.5160000
   6.0010000  37.7390000  22.0310000   4.5770000  37.1800000  23.6560000
   6.7590000  35.4650000  20.5470000   7.6290000  36.3270000  20.6700000
   7.1080000  34.1210000  20.5570000   6.3700000  33.4460000  20.4090000
   8.4590000  33.6750000  20.7550000   8.8390000  34.1320000  21.6450000
   8.5870000  32.1840000  20.8960000   7.8890000  31.8400000  21.6310000
   8.2730000  31.5110000  19.5510000   7.2450000  31.7630000  19.2450000
   8.9810000  31.8690000  18.7880000   8.3680000  30.4190000  19.6570000
   9.9020000  31.8480000  21.3100000   9.9770000  30.8950000  21.3980000
   9.3000000  34.1180000  19.6000000  10.4360000  34.5530000  19.7840000
   8.7330000  34.1270000  18.6190000   7.7730000  33.8360000  18.4920000
   9.5200000  34.5400000  17.4910000  10.4180000  33.9570000  17.4840000
   8.8290000  34.3520000  16.1640000   8.4670000  33.3440000  16.1220000
   7.6170000  35.2920000  16.0870000   6.9190000  35.0550000  16.9050000
   7.9540000  36.3390000  16.1830000   7.1090000  35.1570000  15.1160000
   9.8340000  34.5370000  15.0130000  10.0750000  35.5830000  14.9330000
  10.7220000  33.9810000  15.2450000   9.2990000  34.0570000  13.6600000
   9.0570000  32.9810000  13.7210000   8.3910000  34.6260000  13.4010000
  10.0640000  34.2170000  12.8830000   9.9000000  35.9860000  17.6360000
  11.0540000  36.3540000  17.4220000   9.1630000  36.8700000  17.9620000
   8.2120000  36.5350000  18.1110000   9.4860000  38.2750000  18.1140000
   9.9530000  38.6210000  17.2020000   8.2640000  39.1670000  18.3960000
   8.5970000  40.1980000  18.3880000   7.5420000  39.0090000  17.6010000
   7.5690000  38.8880000  19.7460000   7.0730000  37.9230000  19.7200000
   8.2940000  38.9040000  20.5530000   6.5440000  39.9930000  19.9540000
   5.9910000  40.4940000  18.9230000   6.3050000  40.3600000  21.1490000
  10.4620000  38.4640000  19.2520000  11.3760000  39.3050000  19.1670000
  10.5840000  37.8340000  20.1980000   9.8060000  37.1810000  20.2740000
  11.4900000  38.0160000  21.3130000  11.5230000  39.0580000  21.5680000
  11.0820000  37.1920000  22.5650000  10.8980000  36.1660000  22.2910000
  11.8710000  37.2310000  23.3050000   9.8010000  37.8050000  23.1280000
   9.5670000  39.0120000  22.9940000   8.9460000  36.9570000  23.7840000
   8.0820000  37.3100000  24.1790000   9.1740000  35.9730000  23.8760000
  12.8700000  37.5750000  20.9150000  13.8640000  38.2550000  21.2140000
  12.9140000  36.5010000  20.1770000  12.0670000  36.0000000  19.9170000
  14.1810000  36.0400000  19.6920000  14.8300000  35.8430000  20.5340000
  14.0560000  34.7820000  18.8550000  13.3910000  34.9830000  18.0260000
  15.4430000  34.4320000  18.2920000  15.8060000  35.2750000  17.6640000
  16.1500000  34.2610000  19.1330000  15.3670000  33.5100000  17.6750000
  13.4380000  33.6590000  19.7300000  14.0910000  33.4690000  20.6100000
  12.4420000  33.9770000  20.0740000  13.3380000  32.7280000  19.1300000
  14.7920000  37.1130000  18.8340000  15.9670000  37.4610000  18.9990000
  14.0140000  37.7180000  18.1050000  13.0280000  37.4780000  18.0340000
  14.5590000  38.7630000  17.2560000  15.3780000  38.3410000  16.7040000
  13.5280000  39.3580000  16.2290000  14.0310000  40.0940000  15.6060000
  13.1550000  38.5390000  15.6010000  12.3310000  40.0590000  16.8870000
  11.6920000  39.2860000  17.3040000  12.7010000  40.7080000  17.6910000
  11.4990000  40.9280000  15.8900000  12.1020000  41.7780000  15.5730000
  11.2380000  40.3110000  15.0230000  10.2040000  41.4850000  16.4950000
   9.6240000  41.9830000  15.7090000   9.6340000  40.6540000  16.9060000
  10.5220000  42.4790000  17.5900000  11.0690000  42.0100000  18.3350000
  11.0600000  43.2660000  17.2030000   9.6580000  42.8410000  17.9830000
  15.0770000  39.9090000  18.1180000  16.1660000  40.4480000  17.8790000
  14.4370000  40.4020000  18.9990000  13.5450000  39.9350000  19.1700000
  14.8590000  41.5340000  19.8230000  15.0590000  42.3960000  19.1850000
  13.8070000  41.9270000  20.8740000  12.8600000  42.2120000  20.3460000
  13.6210000  41.0510000  21.5520000  14.1860000  42.7990000  21.4760000
  16.1200000  41.1560000  20.5880000  17.0710000  41.9660000  20.6900000
  16.1640000  40.0670000  20.9570000  15.4390000  39.3690000  20.7860000
  17.3050000  39.7070000  21.7680000  17.3880000  40.3990000  22.6020000
  17.2010000  38.2500000  22.3220000  17.0160000  37.5750000  21.4850000
  18.1360000  37.9940000  22.8020000  16.0820000  38.0610000  23.3540000
  16.4090000  38.4860000  24.3030000  15.2130000  38.5960000  22.9960000
  15.6920000  36.5730000  23.5890000  15.1550000  36.5070000  24.5260000
  15.0520000  36.2540000  22.7680000  16.8860000  35.6060000  23.6700000
  17.6780000  36.0720000  24.2510000  16.5820000  34.6790000  24.1550000
  17.3730000  35.3000000  22.2910000  16.6270000  34.8570000  21.7410000
  17.6620000  36.1740000  21.8310000  18.1630000  34.6580000  22.3560000
  18.5600000  39.7840000  20.9510000  19.5490000  40.3830000  21.4090000
  18.6470000  38.7700000  19.9060000  17.7530000  38.4520000  19.4970000
  19.8830000  38.6620000  19.1820000  20.7180000  38.6330000  19.9000000
  19.9250000  37.4000000  18.2980000  20.8810000  37.3780000  17.8140000
  19.8380000  36.1250000  19.2200000  20.7000000  36.1220000  19.9560000
  18.8850000  36.1550000  19.7730000  19.8680000  35.1860000  18.5920000
  18.8010000  37.4670000  17.1820000  17.8450000  37.3310000  17.6530000
  18.8310000  38.4640000  16.7130000  18.9360000  36.3740000  16.0750000
  19.9090000  36.5050000  15.5730000  18.8950000  35.3430000  16.5360000
  18.1000000  36.4880000  15.3170000  20.0420000  39.8740000  18.2590000
  20.7590000  39.7880000  17.2600000  19.5660000  40.6970000  18.9210000
  18.8840000  40.9120000  19.6590000  20.2420000  41.9770000  18.2020000
  19.6570000  42.9900000  18.4080000  21.9370000  42.2220000  18.6720000
  22.5180000  41.1710000  18.5720000  22.3890000  43.1110000  18.0190000
  22.2220000  42.6850000  20.1590000  21.6430000  41.8970000  20.8190000
  23.4180000  42.6810000  20.4730000  21.6120000  44.2950000  20.2250000
  20.4220000  44.5050000  20.7430000  22.4440000  45.4650000  19.6790000
  22.0920000  46.5590000  19.6920000  23.4130000  45.2400000  19.2610000
  20.0960000  41.8260000  16.6760000  21.2270000  42.0070000  16.0380000
  18.4560000  41.3010000  15.9070000  17.7540000  40.9310000  16.5380000
  18.2100000  41.2600000  14.4430000  19.1100000  41.6710000  14.0030000
  17.9430000  39.7770000  13.8060000  17.8080000  39.8560000  12.7140000
  18.8130000  39.0930000  14.0620000  16.6430000  39.1790000  14.3640000
  16.3180000  39.6270000  15.5200000  15.9660000  38.2720000  13.6550000
  17.0100000  42.2300000  14.0700000  15.8540000  42.0500000  14.5080000
  17.6140000  43.0180000  13.4510000  18.7180000  42.5120000  12.9770000
  16.9150000  44.7190000  13.1490000  16.6460000  45.5170000  14.1130000
  18.3100000  45.7090000  12.4870000  18.7090000  44.8720000  11.5710000
  17.7010000  46.9220000  12.2130000  19.9910000  46.1720000  13.4780000
  19.6490000  47.2760000  14.2450000  20.3590000  45.0300000  13.9730000
  21.6340000  46.6840000  12.7870000  21.9870000  45.5820000  12.0220000
  21.2780000  47.8300000  12.2930000  23.2830000  47.1370000  13.8130000
  24.3570000  47.5740000  13.2800000  22.9250000  48.1860000  14.6180000
  23.8980000  45.5380000  14.4310000  22.8860000  45.1240000  14.9360000
  24.2380000  44.5470000  13.6710000  24.9900000  45.8490000  15.1090000
  15.1800000  44.6120000  12.2330000  13.9480000  45.7000000  12.5070000
  14.2040000  43.2680000  11.0510000  15.2530000  43.2490000  10.5500000
  12.9860000  42.9030000  10.1410000  11.9360000  43.5370000  10.5520000
  13.1630000  43.1820000   8.3120000  14.2500000  42.6030000   7.9110000
  12.2760000  42.7870000   7.7190000  13.0670000  44.7900000   7.8460000
  11.9830000  45.3870000   8.2280000  13.9570000  45.2020000   8.4130000
  13.2510000  44.9420000   6.0190000  12.1010000  44.9340000   5.1810000
  14.5430000  45.0720000   5.4410000  12.9140000  41.3340000  10.4410000
  13.5900000  40.3940000   9.5560000  12.1280000  41.0760000  10.6420000
  11.6320000  41.9560000  10.8790000  11.5350000  39.8170000  11.0880000
  12.2840000  39.2090000  11.6040000  10.7320000  40.0550000  11.7900000
  10.9910000  39.0030000   9.9210000  10.9730000  37.7420000   9.9780000
   9.9880000  38.9250000   8.7460000   9.9060000  39.9730000   8.5870000
   9.5820000  37.9370000   7.7360000   8.8100000  37.2760000   8.2270000
   8.8470000  38.6200000   6.5690000   7.9070000  39.0680000   7.0030000
   9.7070000  39.8670000   5.9980000   9.8390000  40.6610000   6.7980000
  10.7410000  39.4890000   5.6270000   9.1580000  40.3430000   5.1590000
   8.3800000  37.5400000   5.5090000   7.8410000  36.7000000   6.0350000
   7.6740000  38.0600000   4.8630000   9.5510000  36.8880000   4.6180000
  10.1120000  37.7270000   4.0530000  10.2840000  36.3310000   5.2560000
   9.1010000  36.1370000   3.9030000  10.7540000  36.9640000   7.2990000
  10.4420000  35.7270000   7.0780000  12.0050000  37.5060000   7.3890000
  12.5410000  38.9500000   7.2460000  12.1880000  39.6050000   8.1110000
  12.2280000  39.3940000   6.3100000  14.1240000  38.8010000   7.2060000
  14.4940000  38.8730000   8.2280000  14.6330000  39.6010000   6.5800000
  14.3620000  37.3130000   6.5590000  15.2240000  36.8280000   6.9950000
  14.5520000  37.3710000   5.4610000  13.0130000  36.4760000   6.9100000
  12.6720000  36.0250000   5.9610000  13.2080000  35.2650000   7.8580000
  13.5780000  34.1300000   7.3230000  12.9670000  35.3660000   8.9790000
  13.5180000  36.6530000   9.5000000  12.8830000  37.5010000   9.2520000
  14.5180000  36.8330000   9.0860000  13.5460000  36.4530000  11.0490000
  12.6040000  36.7490000  11.5270000  14.3540000  37.0370000  11.4830000
  13.7800000  34.9000000  11.2000000  13.2580000  34.5150000  12.0960000
  14.8390000  34.6890000  11.2630000  13.2060000  34.2470000   9.9100000
  14.0010000  33.6460000   9.4530000  12.0620000  33.2660000  10.2270000
  10.8930000  33.5870000   9.9850000  12.0570000  31.5990000  10.7420000
  13.0410000  31.4160000  10.9150000  11.0750000  30.6240000  11.1940000
  10.1670000  31.1250000  11.5060000  10.7580000  29.5390000  10.1160000
  10.5510000  30.0250000   9.1780000  11.6090000  28.8790000   9.9890000
   9.5280000  28.7150000  10.5650000   8.7880000  29.1860000  11.4970000
   9.3150000  27.5990000   9.9760000  11.6730000  29.8930000  12.3590000
  12.8950000  29.9460000  12.5680000  10.7970000  29.0610000  13.2490000
   9.8040000  29.2140000  13.1460000  11.2800000  28.3060000  14.3710000
  12.3460000  28.3790000  14.4230000  10.6650000  28.7310000  15.7130000
  11.1290000  28.1620000  16.4950000  10.8640000  29.7750000  15.8630000
   9.1530000  28.5120000  15.7850000   8.9150000  27.5120000  15.4750000
   8.8090000  28.6660000  16.7900000   8.4910000  29.5160000  14.8520000
   7.4450000  29.2400000  14.2690000   9.1140000  30.7170000  14.7100000
   8.7190000  31.4230000  14.1040000   9.9720000  30.9040000  15.2100000
  10.8830000  26.8850000  14.1260000   9.7100000  26.5870000  13.8960000
  11.6970000  25.9210000  14.3190000  12.6410000  26.2620000  14.4830000
  11.4460000  24.5240000  14.0910000  10.3860000  24.3820000  13.9570000
  12.1850000  23.9700000  12.8580000  11.8950000  24.5550000  11.9970000
  13.2500000  24.0680000  13.0180000  11.8710000  22.4950000  12.5800000
  12.1840000  21.8840000  13.4150000  10.8090000  22.3700000  12.4210000
  12.6390000  22.0870000  11.3270000  12.6740000  20.9040000  10.9760000
  13.2750000  23.0880000  10.6380000  13.8020000  22.8740000   9.8000000
  13.2200000  24.0450000  10.9650000  11.8910000  23.7280000  15.2870000
  12.8840000  24.0600000  15.9450000  10.9750000  22.4590000  15.8280000
  10.1440000  22.2490000  15.2820000  11.2550000  21.6790000  17.0100000
  12.3170000  21.5750000  17.1250000  10.6650000  22.2690000  18.3040000
  10.8910000  21.6060000  19.1270000  11.1170000  23.2340000  18.4840000
   9.1480000  22.4400000  18.2110000   8.9330000  23.0980000  17.3810000
   8.7050000  21.4720000  18.0270000   8.5040000  23.0250000  19.4690000
   8.5010000  22.2970000  20.2680000   9.0370000  23.9090000  19.7900000
   7.1090000  23.3690000  19.0680000   6.8750000  24.3280000  18.8300000
   6.1460000  22.3920000  19.0210000   6.4250000  21.1280000  19.4750000
   7.3420000  20.9180000  19.8550000   5.7150000  20.4000000  19.4300000
   4.9130000  22.6770000  18.4940000   4.7130000  23.6110000  18.1500000
   4.2000000  21.9520000  18.4490000  10.6360000  20.3320000  16.7990000
   9.8210000  20.1340000  15.8880000  10.9740000  19.3420000  17.7490000
  11.6820000  19.5940000  18.4550000  10.4280000  17.9950000  17.6850000
  10.0270000  17.8150000  16.6860000  11.4490000  16.8840000  18.0540000
  11.8860000  17.1100000  19.0320000  10.9240000  15.9240000  18.1020000
  12.5910000  16.7770000  17.0200000  12.1260000  16.6440000  16.0420000
  13.4340000  18.0970000  16.9520000  12.7820000  18.9460000  16.6430000
  13.8850000  18.3080000  17.9580000  14.2390000  17.9850000  16.2050000
  13.4510000  15.5140000  17.3010000  13.9010000  15.5780000  18.3290000
  12.8100000  14.5940000  17.2300000  14.2570000  15.4640000  16.5480000
   9.3170000  17.9070000  18.6840000   9.3620000  18.5510000  19.7500000
   8.3500000  17.1360000  18.4160000   8.4030000  16.6570000  17.5140000
   7.1760000  16.9510000  19.2190000   7.2190000  17.6090000  20.0790000
   5.8990000  17.2000000  18.4190000   5.9750000  16.6690000  17.4780000
   4.6700000  16.6340000  19.1640000   4.7850000  15.5330000  19.3130000
   4.5870000  17.1340000  20.1560000   3.7580000  16.8310000  18.5570000
   5.7950000  18.7230000  18.0960000   5.6850000  19.2610000  19.0320000
   6.7060000  19.0390000  17.6180000   4.6210000  19.0950000  17.1650000
   4.7220000  18.5640000  16.1920000   3.6730000  18.7920000  17.6430000
   4.6230000  20.1990000  16.9880000   7.2610000  15.5110000  19.6710000
   8.0700000  14.7600000  19.1170000   6.5160000  14.9740000  20.8340000
   5.8510000  15.6270000  21.2420000   6.5930000  13.6040000  21.3120000
   7.5470000  13.4280000  21.7850000   5.4610000  13.2070000  22.2850000
   4.5240000  13.5900000  21.9020000   5.4130000  12.1240000  22.3590000
   5.7270000  13.7920000  23.6520000   5.4360000  15.1230000  23.9330000
   5.0080000  15.7680000  23.1540000   5.6870000  15.6370000  25.2040000
   5.4630000  16.6920000  25.4170000   6.2190000  14.8300000  26.2070000
   6.4070000  15.2420000  27.2070000   6.5090000  13.4990000  25.9330000
   6.9340000  12.8540000  26.7140000   6.2560000  12.9880000  24.6620000
   6.4780000  11.9330000  24.4510000   6.4320000  12.6990000  20.1120000
   7.2710000  11.8180000  19.8750000   5.3680000  12.9060000  19.4550000
   4.6870000  13.6210000  19.7050000   5.1270000  12.0600000  18.2850000
   5.2130000  11.0050000  18.5690000   3.7460000  12.3100000  17.6030000
   2.9490000  12.0920000  18.3370000   3.6800000  13.3850000  17.2690000
   3.6210000  11.6330000  16.7150000   6.1740000  12.4120000  17.2670000
   6.7370000  11.5180000  16.6120000   6.3900000  13.8680000  17.0410000
   5.9450000  14.5160000  17.6820000   7.3360000  14.4020000  16.0920000
   8.0670000  15.0260000  16.6040000   7.8340000  13.5900000  15.5870000
   6.5520000  15.2320000  15.0900000   5.8520000  14.6880000  14.2140000
   6.7870000  16.7570000  15.0900000   7.3910000  17.1970000  15.8050000
   5.9930000  17.6160000  14.1940000   6.0580000  17.2440000  13.1810000
   4.4930000  17.6920000  14.5730000   4.4380000  17.9950000  15.6140000
   4.0080000  18.4430000  13.9330000   3.7400000  16.3250000  14.4020000
   3.5760000  16.1530000  13.3380000   4.3660000  15.5310000  14.8250000
   2.3680000  16.2540000  15.0920000   2.5270000  16.4260000  16.1580000
   1.7360000  17.0420000  14.6670000   1.6380000  14.8750000  14.9100000
   1.3960000  14.7300000  13.8540000   2.2900000  14.0700000  15.2650000
   0.3760000  14.8400000  15.6890000   0.6010000  14.9740000  16.6880000
  -0.2430000  15.5980000  15.3540000  -0.0970000  13.9220000  15.5590000
   6.6020000  19.0310000  14.2560000   7.6730000  19.2300000  14.8890000
   6.1440000  20.3480000  13.3030000   5.2630000  20.3280000  12.8100000
   6.8180000  21.6180000  13.4690000   7.7770000  21.4380000  13.9100000
   7.0280000  22.3460000  12.1320000   6.0710000  22.5150000  11.6770000
   7.5050000  23.2890000  12.3220000   7.8980000  21.5390000  11.1690000
   8.8880000  21.4340000  11.5700000   7.4690000  20.5670000  11.0170000
   7.9520000  22.2920000   9.8530000   8.5420000  21.8290000   8.8780000
   7.3070000  23.4890000   9.8210000   7.3030000  24.0390000   8.9720000
   6.8310000  23.8300000  10.6450000   6.0310000  22.5300000  14.3870000
   4.9150000  22.1950000  14.7790000   6.6780000  23.9930000  14.4960000
   7.5330000  24.2520000  14.0230000   6.0670000  24.9300000  15.4190000
   5.3680000  24.3910000  16.0290000   7.0970000  25.6140000  16.3460000
   7.6570000  24.8490000  16.8580000   7.7620000  26.2040000  15.7410000
   6.4560000  26.5350000  17.4010000   5.8090000  27.2120000  16.8760000
   5.5760000  25.7160000  18.3650000   4.7760000  25.2110000  17.7930000
   6.1940000  24.9600000  18.8800000   5.1270000  26.3920000  19.1110000
   7.5090000  27.3930000  18.1380000   8.2290000  26.7320000  18.6510000
   8.0430000  28.0260000  17.4080000   7.0090000  28.0340000  18.8810000
   5.3270000  26.0180000  14.6930000   5.8850000  26.7320000  13.8560000
   4.1410000  26.2130000  15.0350000   3.7100000  25.6570000  15.7670000
   3.3920000  27.2230000  14.3360000   4.0140000  27.6370000  13.5640000
   2.0950000  26.7010000  13.6750000   1.5340000  26.1450000  14.4100000
   1.5170000  27.5450000  13.3360000   2.3740000  25.7820000  12.4730000
   2.9370000  26.3250000  11.7310000   2.9350000  24.9220000  12.8020000
   1.0460000  25.3230000  11.8690000  -0.0190000  25.6840000  12.4350000
   1.0830000  24.6050000  10.8240000   3.0580000  28.3220000  15.3000000
   2.9400000  28.1060000  16.5140000   3.1090000  29.7260000  14.8370000
   3.2940000  29.9150000  13.8630000   2.7290000  30.8220000  15.6870000
   3.2610000  30.7830000  16.6170000   2.9250000  32.1880000  15.0070000
   2.3810000  32.2150000  14.0800000   2.5720000  32.9730000  15.6510000
   4.4150000  32.3710000  14.7400000   5.2180000  31.5790000  15.3050000
   4.7660000  33.3080000  13.9740000   1.2620000  30.6500000  15.9050000
   0.7490000  29.5700000  15.6580000   0.5850000  31.5920000  16.4370000
   1.0580000  32.3950000  16.8380000  -0.8580000  31.5380000  16.4400000
  -1.2420000  32.5430000  16.5070000  -1.1920000  31.0870000  15.5190000
  -1.3960000  30.7390000  17.5880000  -2.5390000  30.9470000  17.9970000
  -0.7070000  29.7900000  18.1680000   0.2290000  29.6450000  17.8130000
  -1.1760000  29.0170000  19.2880000  -2.1160000  29.4060000  19.6260000
  -1.2960000  27.5000000  19.0050000  -0.3340000  27.1290000  18.6990000
  -1.5900000  27.0040000  19.9120000  -2.3230000  27.1670000  17.9040000
  -1.9070000  27.4410000  16.9520000  -2.5100000  26.1040000  17.9220000
  -3.6590000  27.9040000  18.0710000  -3.4920000  28.9700000  18.1210000
  -4.3110000  27.6790000  17.2390000  -4.2710000  27.4270000  19.3450000
  -4.0260000  27.8740000  20.2240000  -5.1620000  26.3850000  19.3250000
  -5.5110000  25.7940000  18.1340000  -5.1080000  26.1280000  17.2680000
  -6.1720000  25.0250000  18.1180000  -5.7080000  25.9380000  20.4960000
  -5.4510000  26.3770000  21.3760000  -6.3690000  25.1680000  20.4830000
  -0.1360000  29.2020000  20.3430000   0.9000000  29.7840000  20.0510000
  -0.3300000  28.7740000  21.6160000  -1.2190000  28.3570000  21.8540000
   0.6950000  28.9290000  22.6210000   1.2020000  29.8610000  22.4520000
   0.1800000  28.9130000  24.0380000  -0.6210000  29.6210000  24.1230000
  -0.3490000  27.5000000  24.3680000  -1.1650000  27.2400000  23.6690000
   0.4670000  26.7630000  24.2660000  -0.7270000  27.4830000  25.4060000
   1.2190000  29.2790000  24.9440000   0.8820000  29.2650000  25.8470000
   1.6770000  27.8050000  22.4700000   1.3390000  26.7230000  21.9760000
   2.9620000  28.0520000  22.9150000   3.1980000  28.9460000  23.3330000
   3.9850000  27.0550000  22.7690000   4.0610000  26.7700000  21.7370000
   5.3570000  27.5410000  23.2770000   5.6360000  28.4180000  22.7170000
   5.2670000  27.7960000  24.3190000   6.4720000  26.4890000  23.1300000
   6.1040000  25.5780000  23.5630000   6.7660000  26.1920000  21.6480000
   5.8550000  25.8030000  21.1600000   7.0860000  27.1210000  21.1420000
   7.5660000  25.4370000  21.5780000   7.7280000  26.8900000  23.9270000
   8.1070000  27.8600000  23.5560000   7.4750000  26.9800000  24.9990000
   8.5040000  26.1170000  23.7990000   3.6060000  25.8600000  23.5950000
   3.7250000  24.7140000  23.1540000   3.1060000  26.1650000  24.8480000
   2.9770000  27.1420000  25.0950000   2.7490000  25.1520000  25.8140000
   3.6000000  24.5320000  26.0210000   2.2410000  25.7730000  27.1320000
   3.0220000  26.3690000  27.5790000   1.3930000  26.4000000  26.9230000
   1.8620000  24.7390000  28.0400000   1.5460000  25.1350000  28.8620000
   1.6380000  24.2990000  25.2640000   1.5420000  23.1050000  25.5820000
   0.7720000  24.8850000  24.3970000   0.9050000  25.8610000  24.1390000
  -0.3440000  24.1610000  23.8340000  -0.9480000  23.7700000  24.6320000
  -1.2080000  25.0540000  22.9080000  -1.5170000  25.9360000  23.4490000
  -0.6340000  25.3500000  22.0460000  -2.4390000  24.2700000  22.4440000
  -2.6550000  23.1210000  22.9410000  -3.1800000  24.8100000  21.5680000
   0.1620000  23.0230000  22.9930000  -0.4100000  21.9250000  23.0070000
   1.2330000  23.3010000  22.1860000   1.6930000  24.2030000  22.2620000
   1.7650000  22.3220000  21.2750000   0.9640000  21.9110000  20.6860000
   2.8370000  22.8860000  20.3250000   3.5960000  23.3910000  20.9010000
   3.2810000  22.0790000  19.7670000   2.1950000  23.8550000  19.3800000
   1.9730000  25.1690000  19.7540000   2.2660000  25.5060000  20.7490000
   1.3830000  26.0570000  18.8730000   1.2090000  27.0890000  19.1760000
   1.0130000  25.6370000  17.6080000   0.4080000  26.5480000  16.7030000
   0.2150000  26.0950000  15.8710000   1.2320000  24.3270000  17.2280000
   0.9410000  23.9910000  16.2320000   1.8230000  23.4440000  18.1120000
   1.9970000  22.4110000  17.8070000   2.4020000  21.2170000  22.0670000
   2.9830000  21.4490000  23.1350000   2.3200000  19.8660000  21.7160000
   1.8310000  19.6260000  20.8480000   2.9410000  18.8430000  22.5330000
   2.7910000  19.0800000  23.5790000   2.4140000  17.3980000  22.2550000
   1.3450000  17.4080000  22.1420000   2.8550000  17.0030000  21.3510000
   2.8160000  16.5350000  23.4720000   3.4730000  17.0330000  24.4090000
   2.4210000  15.2130000  23.4640000   2.6650000  14.5990000  24.2480000
   1.8840000  14.8450000  22.6740000   4.4090000  18.8610000  22.2500000
   4.9310000  17.9930000  21.5350000   5.0650000  19.8140000  22.7920000
   4.5970000  20.5060000  23.3670000   6.4870000  19.8800000  22.6500000
   6.7570000  19.7520000  21.6140000   7.1120000  21.1460000  23.2070000
   8.1640000  21.1070000  23.0180000   6.5330000  22.3560000  22.4270000
   6.7690000  22.2530000  21.3480000   5.4400000  22.3830000  22.5570000
   6.9770000  23.2960000  22.8180000   6.9090000  21.2340000  24.7440000
   7.3390000  20.3500000  25.1970000   7.4240000  22.1150000  25.1060000
   5.4460000  21.3230000  25.1810000   4.9880000  22.2310000  24.7370000
   4.9010000  20.4210000  24.8300000   5.3960000  21.3830000  26.2880000
   6.9940000  18.7310000  23.4710000   6.3780000  18.3820000  24.4870000
   8.0780000  18.0650000  23.0500000   8.5270000  18.3850000  22.1990000
   8.6260000  16.9650000  23.8160000   7.9080000  16.1610000  23.8570000
   9.9650000  16.4170000  23.2790000  10.6510000  17.2470000  23.1840000
  10.3580000  15.7020000  23.9920000   9.8350000  15.7200000  21.9090000
   9.1660000  14.8740000  21.9800000   9.4560000  16.4190000  21.1720000
  11.2240000  15.2380000  21.5080000  12.0100000  15.9990000  20.9350000
  11.5420000  13.9390000  21.8240000  12.4520000  13.5660000  21.5840000
  10.8680000  13.3480000  22.2970000   8.8750000  17.4950000  25.2020000
   9.6750000  18.4200000  25.4170000   8.0730000  16.9040000  26.3670000
   7.4340000  16.1320000  26.1880000   8.2090000  17.4540000  27.6970000
   8.0310000  18.5200000  27.6530000   7.2560000  16.8240000  28.7390000
   7.4320000  15.7550000  28.7760000   7.4650000  17.2590000  29.7100000
   5.7810000  17.0620000  28.4010000   5.5520000  16.5500000  27.4740000
   5.1840000  16.6480000  29.2010000   5.4290000  18.5570000  28.2380000
   6.0610000  18.9800000  27.4710000   4.4030000  18.6270000  27.9230000
   5.6060000  19.3910000  29.5290000   4.9410000  19.0150000  30.2920000
   6.6200000  19.3050000  29.8770000   5.2990000  20.8280000  29.2550000
   5.9280000  21.1850000  28.5350000   4.3410000  20.9100000  28.9280000
   5.4180000  21.3730000  30.1150000   9.6020000  17.2220000  28.1690000
  10.0680000  16.0750000  28.2500000  10.2790000  18.1620000  28.3810000
   9.8510000  19.0780000  28.2750000  11.6310000  18.0870000  28.8440000
  11.6760000  17.5050000  29.7550000  12.5990000  17.5020000  27.7930000
  13.5740000  17.4330000  28.2440000  12.2540000  16.5110000  27.5180000
  12.7120000  18.3540000  26.5080000  11.7510000  18.4280000  26.0290000
  13.0720000  19.3480000  26.7540000  13.6930000  17.6590000  25.5660000
  13.4460000  16.4610000  25.2140000  14.7070000  18.3240000  25.1860000
  12.0600000  19.5070000  29.1210000  11.3650000  20.4640000  28.7700000
  13.1870000  19.5090000  29.7560000  13.7030000  18.7050000  30.0940000
  13.6680000  20.8510000  29.9910000  13.1880000  21.5340000  29.3110000
  13.4710000  21.3330000  31.4510000  12.4230000  21.3150000  31.6910000
  13.9980000  20.6750000  32.1240000  13.9720000  22.6670000  31.6020000
  13.8440000  22.9580000  32.5170000  15.1330000  20.8430000  29.7240000
  15.8360000  19.9390000  30.1830000  15.5720000  21.6600000  28.8410000
  16.5670000  21.6400000  28.6530000  14.8080000  22.7470000  28.3030000
  14.0990000  23.0910000  29.0350000  15.6850000  23.8920000  27.8470000
  16.2560000  24.2600000  28.6830000  16.6440000  23.3690000  26.7530000
  17.2640000  22.5600000  27.1730000  16.0590000  22.9770000  25.8980000
  17.2960000  24.1970000  26.4060000  14.8990000  24.9520000  27.3190000
  15.4760000  25.6730000  27.0330000  14.0960000  22.2280000  27.0880000
  14.4220000  21.1590000  26.5580000  13.1240000  23.1030000  26.5860000
  12.8220000  23.9380000  27.0780000  12.4590000  22.6880000  25.3750000
  12.2530000  21.6290000  25.3990000  11.1720000  23.4800000  25.0870000
  11.4230000  24.5310000  25.0330000  10.7790000  23.1530000  24.1350000
  10.0750000  23.2890000  26.1680000  10.4630000  23.6880000  27.0910000
   8.8180000  24.1020000  25.8210000   9.0780000  25.1800000  25.7630000
   8.4200000  23.7630000  24.8430000   8.0550000  23.9450000  26.6090000
   9.7710000  21.7860000  26.4100000   9.4250000  21.3210000  25.4640000
  10.6860000  21.2780000  26.7550000   8.9860000  21.6860000  27.1850000
  13.4320000  23.0110000  24.2800000  14.1770000  23.9960000  24.3840000
  13.4820000  22.3110000  23.1030000  12.8280000  21.5410000  22.9870000
  14.4740000  22.6190000  22.1050000  15.0700000  23.4410000  22.4610000
  15.4090000  21.4390000  21.7780000  14.8100000  20.5600000  21.5850000
  15.9860000  21.6820000  20.8980000  16.3500000  21.1460000  22.9080000
  16.0280000  20.3740000  24.0120000  15.1430000  19.9110000  24.1960000
  17.1320000  20.3570000  24.8060000  17.1840000  19.8260000  25.7550000
  18.1360000  21.0620000  24.2910000  17.6400000  21.5570000  23.0960000
  18.2010000  22.1870000  22.4040000  13.8120000  23.0330000  20.8310000
  12.9450000  22.3260000  20.3020000  14.1280000  24.2860000  20.2060000
  14.7640000  24.8580000  20.7480000  13.6060000  24.7980000  18.9710000
  13.1480000  24.0010000  18.4190000  12.5950000  25.9440000  19.1490000
  13.0520000  26.7130000  19.7460000  12.3530000  26.3380000  18.1780000
  11.2860000  25.4990000  19.8390000  10.9180000  24.6500000  19.2950000
  11.5410000  25.0310000  21.2830000  12.2380000  24.1790000  21.2740000
  11.9800000  25.8590000  21.8660000  10.5870000  24.7220000  21.7440000
  10.2050000  26.5880000  19.7520000  10.5680000  27.5050000  20.2470000
   9.9860000  26.8020000  18.6920000   9.2870000  26.2350000  20.2540000
  14.7720000  25.3310000  18.2020000  15.7050000  25.8890000  18.7810000
  14.7440000  25.3060000  16.6250000  13.9510000  24.9120000  16.1320000
  15.8310000  25.8900000  15.8940000  16.6280000  26.1210000  16.5780000
  16.3630000  25.0060000  14.7840000  16.6690000  24.0650000  15.2100000
  15.2270000  24.7530000  13.7640000  14.3880000  24.2540000  14.2760000
  14.8790000  25.7180000  13.3430000  15.6040000  24.1060000  12.9440000
  17.6000000  25.6840000  14.1630000  17.3070000  26.6710000  13.7530000
  18.3730000  25.8160000  14.9450000  18.0030000  25.0480000  13.3460000
  15.3300000  27.1520000  15.2570000  14.2520000  27.1890000  14.6510000
  16.0610000  28.2590000  15.3360000  16.8680000  28.1630000  15.9480000
  15.7350000  29.5410000  14.7480000  14.7050000  29.5600000  14.4530000
  16.0430000  30.7450000  15.6940000  15.4770000  30.6140000  16.6060000
  17.0910000  30.7220000  15.9280000  15.7070000  32.1560000  15.1110000
  15.8500000  32.8680000  15.9160000  16.6620000  32.5710000  13.9680000
  17.6940000  32.5990000  14.3590000  16.5960000  31.8310000  13.1370000
  16.3800000  33.5820000  13.5900000  14.2260000  32.2430000  14.6980000
  14.0120000  31.4730000  13.9210000  13.5940000  32.0620000  15.5920000
  14.0120000  33.2580000  14.2870000  16.6020000  29.6260000  13.5310000
  17.8230000  29.7290000  13.6410000  16.0940000  29.6600000  12.5560000
  15.0820000  29.6590000  12.5040000  16.8550000  29.7410000  11.3220000
  17.8550000  30.0640000  11.5600000  16.8810000  28.3720000  10.5200000
  15.8670000  28.0750000  10.2880000  17.4080000  28.5330000   9.5770000
  17.5640000  27.1960000  11.3120000  18.6000000  27.4560000  11.4670000
  17.0910000  27.0940000  12.2930000  17.4880000  25.8050000  10.5680000
  17.9330000  25.0130000  11.2000000  16.4620000  25.5490000  10.3470000
  18.2390000  25.9420000   9.2600000  17.7460000  26.1700000   8.3730000
  19.5950000  25.7590000   9.2630000  20.2610000  25.4560000  10.4650000
  19.7510000  25.3680000  11.3520000  21.2650000  25.3180000  10.4670000
  20.2840000  25.8760000   8.0640000  19.7910000  26.0990000   7.1750000
  21.2870000  25.7390000   8.0650000  16.1890000  30.7700000  10.3990000
  15.0210000  31.1260000  10.5790000  17.5810000  31.9470000   9.5800000
  18.5990000  31.8750000   9.6120000  16.9800000  32.7230000   8.5300000
  16.1510000  33.2910000   8.9680000  17.9650000  33.7260000   7.7870000
  18.8190000  33.1570000   7.3970000  17.4520000  34.1720000   6.9500000
  18.4850000  34.8980000   8.7220000  19.1610000  35.5260000   8.1090000
  17.3210000  35.8240000   9.2270000  16.8400000  36.2830000   8.3430000
  16.5660000  35.2030000   9.8110000  17.7250000  36.6500000   9.8910000
  19.3130000  34.3380000   9.8950000  18.6720000  33.6320000  10.5180000
  20.1930000  33.7780000   9.4670000  19.6670000  35.2020000  10.5420000
  16.4520000  31.7200000   7.5000000  17.0430000  30.6410000   7.2230000
  15.6390000  32.0810000   7.5000000  15.0500000  32.9440000   7.6900000
  15.2330000  31.0980000   6.3870000  16.0980000  30.4120000   6.1320000
  13.8720000  30.2110000   6.7370000  13.5860000  29.5940000   5.8090000
  14.1300000  29.5300000   7.5260000  12.5550000  31.0310000   7.2680000
  11.8540000  30.3340000   7.8220000  12.9160000  31.8790000   7.9720000
  11.6890000  31.6530000   6.1570000  12.3070000  32.4660000   5.6760000
  11.3890000  30.8510000   5.3770000  10.3840000  32.2430000   6.8840000
  10.3400000  32.3900000   7.9340000   9.2490000  32.5850000   6.1360000
   9.3100000  32.4000000   4.7170000  10.1950000  32.0100000   4.2190000
   8.4690000  32.6530000   4.1640000   8.0540000  33.1120000   6.8120000
   8.0110000  33.2490000   7.8620000   7.2130000  33.3670000   6.2600000
  15.0120000  31.9520000   5.1770000  15.7500000  33.0200000   5.0110000
  15.2830000  32.5270000   4.5840000  15.3850000  30.9600000   4.5390000
  14.6170000  32.8430000   3.2080000  12.6800000  32.7200000   3.0350000
  15.2040000  34.4810000   3.3620000  15.8270000  31.0350000   1.8020000
  16.9220000  29.4510000   1.8990000  19.0190000  34.4310000  -1.4100000
  -0.0710000  41.6400000   1.2570000  27.4020000  26.3700000  -2.5350000
  22.4760000  41.9530000  -6.4860000  48.6310000  21.5990000  -6.2460000
  12.4070000   1.9250000   7.5010000  26.0110000 -19.0130000   9.8090000
 -12.8790000   3.9190000  12.9820000
