
  1231
   8.5180000  27.7950000  31.1100000   8.8770000  28.6210000  31.5690000
   8.4940000  27.9770000  30.1150000   7.5800000  27.6220000  31.4330000
   9.3890000  26.6210000  31.3920000   9.4160000  26.4820000  32.4750000
   8.8520000  25.3130000  30.7530000   9.4360000  24.4770000  31.1420000
   7.8250000  25.1550000  31.0840000   8.8980000  25.2440000  29.2090000
   9.9160000  25.4200000  28.8600000   8.6420000  24.2290000  28.9000000
   7.8140000  26.4030000  28.3220000   6.2230000  25.5450000  28.4370000
   6.3070000  24.5630000  27.9720000   5.9330000  25.4320000  29.4820000
   5.4640000  26.1260000  27.9120000  10.8150000  26.9150000  30.9380000
  11.0350000  27.9230000  30.2660000  11.7890000  26.0510000  31.2410000
  11.6010000  25.2400000  31.8180000  13.0980000  26.1760000  30.6060000
  13.4160000  27.2170000  30.6950000  14.1500000  25.3180000  31.3190000
  14.0000000  25.4180000  32.3950000  14.0270000  24.2700000  31.0370000
  15.5640000  25.8350000  30.9720000  15.6690000  25.9350000  29.8920000
  15.6770000  26.8280000  31.4100000  16.7260000  24.9680000  31.4640000
  17.8710000  25.1870000  31.0870000  16.5190000  23.9580000  32.2860000
  17.3140000  23.4030000  32.5630000  15.5840000  23.7030000  32.5630000
  12.9680000  25.8360000  29.1110000  12.5450000  24.7380000  28.7430000
  13.3170000  26.7930000  28.2530000  13.6520000  27.6830000  28.6010000
  13.3750000  26.6220000  26.8000000  13.1060000  25.5930000  26.5490000
  12.3840000  27.6060000  26.1380000  11.5420000  27.6530000  26.8240000
  12.9570000  29.0350000  26.0050000  13.1750000  29.4590000  26.9840000
  13.8650000  29.0700000  25.4060000  12.2200000  29.6500000  25.5020000
  11.7520000  27.1730000  24.8000000  11.3060000  26.1920000  24.9080000
  10.9270000  27.8500000  24.5980000  12.6620000  27.1480000  23.5750000
  13.3140000  28.0120000  23.5330000  13.2440000  26.2340000  23.5850000
  12.0490000  27.1470000  22.6850000  14.8070000  26.8550000  26.3570000
  15.5560000  27.6240000  26.9730000  15.1740000  26.2310000  25.2560000
  14.5320000  25.5530000  24.8570000  16.3990000  26.4670000  24.5430000
  16.9190000  27.2740000  25.0310000  17.2840000  25.2180000  24.6340000
  17.2270000  24.8680000  25.6590000  16.8820000  24.4200000  24.0050000
  18.7430000  25.4710000  24.2990000  19.1430000  25.7110000  22.9720000
  18.4240000  25.6610000  22.1630000  20.4940000  26.0040000  22.6930000
  20.8070000  26.1770000  21.6800000  21.4500000  26.0520000  23.7200000
  22.4910000  26.2710000  23.4950000  21.0550000  25.7810000  25.0420000
  21.7940000  25.7830000  25.8320000  19.7110000  25.4880000  25.3310000
  19.4250000  25.2690000  26.3500000  16.0440000  26.8860000  23.1190000
  15.7800000  26.0250000  22.2890000  16.0210000  28.1870000  22.8370000
  16.1900000  28.8460000  23.5810000  16.0320000  28.6760000  21.4500000
  15.4560000  27.9850000  20.8260000  15.4230000  30.0810000  21.2680000
  16.0270000  30.8130000  21.8070000  15.4190000  30.4290000  19.7700000
  16.4270000  30.4030000  19.3570000  14.7910000  29.7270000  19.2170000
  15.0360000  31.4340000  19.6390000  13.9970000  30.1900000  21.8130000
  13.3570000  29.4230000  21.3730000  14.0200000  30.0820000  22.8960000
  13.5920000  31.1740000  21.5800000  17.4930000  28.7180000  21.0080000
  18.2610000  29.5630000  21.4730000  17.8890000  27.8280000  20.1020000
  17.2350000  27.1090000  19.8080000  19.2460000  27.8050000  19.5610000
  19.9350000  28.1140000  20.3510000  19.6420000  26.3650000  19.1870000
  19.3800000  25.7030000  20.0140000  19.0880000  26.0350000  18.3140000
  21.1610000  26.2830000  18.9340000  21.4230000  26.8440000  18.0360000
  21.6850000  26.7510000  19.7690000  21.6760000  24.8400000  18.8240000
  22.7430000  24.8320000  19.0510000  21.1870000  24.2290000  19.5860000
  21.4700000  24.2030000  17.4390000  21.7670000  23.1530000  17.5070000
  20.4070000  24.2190000  17.1840000  22.2940000  24.8760000  16.3900000
  22.0280000  25.8440000  16.2610000  23.2730000  24.8600000  16.6420000
  22.2110000  24.4110000  15.4960000  19.4070000  28.8330000  18.4260000
  19.3440000  28.4880000  17.2430000  19.6560000  30.0930000  18.7990000
  19.5590000  30.2980000  19.7860000  20.6080000  30.9660000  18.0880000
  20.5030000  30.8450000  17.0050000  20.3570000  32.4400000  18.4470000
  21.0570000  33.0790000  17.9050000  18.9420000  32.8900000  18.0930000
  18.7740000  32.7640000  17.0250000  18.2010000  32.3170000  18.6490000
  18.8290000  33.9440000  18.3410000  20.5470000  32.6070000  19.8340000
  20.2440000  33.4990000  20.0730000  22.0220000  30.5240000  18.4990000
  22.1890000  29.5080000  19.1800000  23.0560000  31.2870000  18.1410000
  22.8840000  32.0920000  17.5570000  24.4260000  31.0060000  18.6000000
  24.6070000  29.9290000  18.5310000  25.4670000  31.7420000  17.7280000
  25.2670000  32.8170000  17.7410000  26.4330000  31.5960000  18.2170000
  25.6160000  31.2560000  16.2660000  25.6540000  30.1650000  16.2550000
  24.4760000  31.7340000  15.3450000  23.5500000  31.2110000  15.5750000
  24.3270000  32.8080000  15.4610000  24.7190000  31.5280000  14.3020000
  26.9510000  31.7760000  15.7090000  26.9770000  32.8660000  15.7480000
  27.7780000  31.3770000  16.2980000  27.0790000  31.4500000  14.6770000
  24.6440000  31.3720000  20.0840000  25.5710000  30.8380000  20.7010000
  23.8280000  32.2830000  20.6450000  23.0740000  32.6360000  20.0730000
  24.0920000  32.9450000  21.9390000  25.1390000  32.7630000  22.1780000
  23.9360000  34.4820000  21.8360000  24.6630000  34.8530000  21.1080000
  22.5450000  34.9920000  21.4220000  22.2850000  34.6230000  20.4310000
  21.7950000  34.6760000  22.1440000  22.5360000  36.0840000  21.3790000
  24.2510000  35.0410000  23.0950000  24.2320000  36.0130000  23.0330000
  23.3230000  32.3320000  23.1080000  23.9450000  31.9480000  24.1030000
  21.9930000  32.2250000  23.0100000  21.5510000  32.5670000  22.1660000
  21.1500000  31.8980000  24.1700000  21.1060000  30.8130000  24.2850000
  21.6370000  32.2780000  25.0650000  19.7130000  32.4320000  24.1420000
  19.1820000  32.8070000  23.0960000  19.0490000  32.3870000  25.3050000
  19.5900000  32.2330000  26.1450000  17.6130000  32.0530000  25.3990000
  17.0600000  32.7220000  24.7360000  17.4500000  30.5990000  24.8850000
  16.4360000  30.2520000  25.0980000  17.5540000  30.6190000  23.7980000
  18.4550000  29.5560000  25.4450000  18.3170000  28.6340000  24.8980000
  19.4850000  29.8310000  25.2370000  18.3260000  29.2880000  26.9530000
  18.8970000  30.0360000  27.5020000  17.2810000  29.3780000  27.2480000
  18.8550000  27.8930000  27.3200000  18.3060000  27.1460000  26.7400000
  19.9070000  27.8270000  27.0240000  18.6920000  27.6190000  28.7760000
  19.1920000  28.3010000  29.3290000  17.7160000  27.6630000  29.0330000
  19.0360000  26.7040000  29.0440000  17.0030000  32.2190000  26.8180000
  17.7570000  32.2950000  27.7890000  15.6550000  32.2080000  26.9240000
  15.1500000  32.2000000  26.0460000  14.7930000  32.0790000  28.1400000
  14.7540000  31.0130000  28.3830000  15.3290000  32.8350000  29.3850000
  16.3270000  32.4850000  29.6480000  15.3640000  34.3610000  29.2160000
  15.9050000  34.6270000  28.3080000  14.3540000  34.7660000  29.1560000
  15.8720000  34.8200000  30.0640000  14.4970000  32.5300000  30.4810000
  14.9120000  32.8840000  31.2880000  13.3570000  32.5390000  27.8210000
  13.1930000  33.4570000  27.0180000  12.3300000  31.9500000  28.4590000
  12.5800000  31.2910000  29.1860000  10.8850000  32.3190000  28.3610000
  10.8380000  33.4020000  28.2100000  10.1400000  31.6100000  27.1760000
   9.1140000  31.9790000  27.1540000  10.7110000  32.0230000  25.8030000
  10.6990000  33.1090000  25.6940000  11.7350000  31.6840000  25.7050000
  10.1180000  31.6130000  24.9880000  10.0260000  30.0810000  27.4400000
  11.0160000  29.6710000  27.5860000   9.5080000  29.9070000  28.3810000
   9.2730000  29.2580000  26.3850000   8.2050000  29.4340000  26.4640000
   9.6130000  29.5010000  25.3810000   9.4170000  28.1940000  26.5610000
  10.0900000  32.0420000  29.6620000  10.6050000  31.4650000  30.6240000
   8.7910000  32.3730000  29.6200000   8.4850000  32.8490000  28.7830000
   7.7120000  32.0170000  30.5590000   8.1350000  31.5870000  31.4670000
   6.9890000  33.3050000  30.9590000   7.7110000  33.9630000  31.4460000
   6.3500000  34.0280000  29.7660000   7.1090000  34.3490000  29.0530000
   5.6500000  33.3630000  29.2620000   5.8120000  34.9120000  30.1070000
   5.9760000  32.9850000  31.8780000   5.6980000  33.8090000  32.3140000
   6.7550000  30.9830000  29.9470000   6.7170000  30.8030000  28.7300000
   5.9480000  30.3160000  30.7790000   5.9440000  30.6170000  31.7480000
   4.9840000  29.2870000  30.3440000   5.5080000  28.5450000  29.7360000
   4.3180000  28.5860000  31.5530000   3.8070000  29.3290000  32.1710000
   3.5440000  27.9330000  31.1390000   5.2220000  27.7170000  32.4540000
   5.8640000  27.1090000  31.8150000   6.0700000  28.5530000  33.4440000
   6.7800000  29.2070000  32.9420000   5.4150000  29.1750000  34.0530000
   6.6380000  27.9030000  34.1100000   4.3540000  26.7500000  33.2750000
   3.6640000  27.3100000  33.9070000   3.7810000  26.0960000  32.6160000
   4.9930000  26.1280000  33.9020000   3.8720000  29.8590000  29.4490000
   3.3720000  29.1590000  28.5710000   3.5010000  31.1280000  29.6550000
   3.9650000  31.6270000  30.4020000   2.3920000  31.8050000  28.9590000
   1.5730000  31.0890000  28.8500000   1.8490000  32.9750000  29.8100000
   0.9730000  33.3980000  29.3160000   1.5180000  32.5920000  30.7760000
   2.8820000  34.0900000  30.0370000   3.6640000  33.7150000  30.6950000
   3.3460000  34.3700000  29.0890000   2.2390000  35.3280000  30.6770000
   1.9150000  35.2880000  31.8880000   2.0610000  36.3550000  29.9810000
   2.7560000  32.2890000  27.5370000   1.8880000  32.8200000  26.8390000
   4.0180000  32.1490000  27.1050000   4.6720000  31.6420000  27.6890000
   4.5020000  32.6880000  25.8230000   4.1950000  33.7360000  25.8000000
   6.0540000  32.6570000  25.7420000   6.4520000  32.9310000  26.7220000
   6.6360000  31.2850000  25.3960000   6.2560000  30.5440000  26.0990000
   6.3830000  30.9900000  24.3780000   7.7180000  31.3420000  25.4650000
   6.6110000  33.6690000  24.7320000   6.3110000  33.3910000  23.7240000
   6.2430000  34.6660000  24.9620000   7.7000000  33.6840000  24.7780000
   3.8340000  31.9590000  24.6460000   3.8090000  30.7280000  24.5910000
   3.3170000  32.7170000  23.6790000   3.3680000  33.7210000  23.7880000
   2.9790000  32.1880000  22.3550000   2.7380000  31.1400000  22.4420000
   1.7100000  32.8380000  21.7920000   1.4650000  32.3480000  20.8500000
   0.9010000  32.6350000  22.4970000   1.8080000  34.3490000  21.5360000
   2.0640000  34.8600000  22.4670000   2.6090000  34.5290000  20.8190000
   0.5020000  34.9330000  20.9620000  -0.5800000  34.3150000  21.1010000
   0.5530000  36.0240000  20.3500000   4.1950000  32.3090000  21.4310000
   4.9410000  33.2730000  21.5430000   4.4530000  31.3530000  20.5340000
   4.3190000  29.9630000  20.8820000   3.3130000  29.6570000  21.1050000
   4.9620000  29.7640000  21.7360000   4.7960000  29.1750000  19.6950000
   3.9370000  28.7220000  19.2090000   5.4880000  28.4350000  20.0790000
   5.4600000  30.1700000  18.7430000   4.8390000  30.3250000  17.8630000
   6.4650000  29.8600000  18.4620000   5.5230000  31.4480000  19.5550000
   6.4610000  31.4020000  20.0980000   5.5400000  32.7100000  18.6860000
   6.6140000  33.0820000  18.2290000   4.4250000  33.4370000  18.5340000
   3.5570000  33.1110000  18.9310000   4.4780000  34.7910000  17.9510000
   4.9780000  34.7350000  16.9830000   3.0530000  35.3160000  17.7410000
   2.4060000  34.4930000  17.4420000   2.6850000  35.7060000  18.6890000
   3.0230000  36.3260000  16.7410000   2.1260000  36.7130000  16.6820000
   5.2520000  35.7770000  18.8580000   6.0000000  36.6370000  18.3920000
   5.1240000  35.6010000  20.1780000   4.6380000  34.7680000  20.4850000
   5.8410000  36.3140000  21.2300000   5.8610000  37.3640000  20.9640000
   5.0260000  36.2490000  22.5390000   3.9830000  36.4670000  22.3010000
   5.0600000  35.2440000  22.9480000   5.4690000  37.2450000  23.6270000
   6.1840000  38.2250000  23.3340000   5.0400000  37.0600000  24.7950000
   7.2910000  35.7840000  21.3540000   8.2140000  36.5850000  21.4880000
   7.5350000  34.4630000  21.2080000   6.7350000  33.8400000  21.1460000
   8.9040000  33.8980000  21.2240000   9.4020000  34.3500000  22.0790000
   8.9500000  32.3740000  21.4690000   8.0540000  32.0710000  22.0160000
   9.1400000  31.4730000  20.2420000   8.4430000  31.7400000  19.4560000
  10.1530000  31.5770000  19.8500000   8.9760000  30.4300000  20.5160000
  10.0810000  32.1350000  22.2730000  10.1840000  31.1760000  22.3870000
   9.7160000  34.3540000  20.0170000  10.8250000  34.8610000  20.1880000
   9.1590000  34.2880000  18.8030000   8.2370000  33.8720000  18.7110000
   9.8640000  34.7630000  17.6030000  10.8590000  34.3150000  17.6340000
   9.1950000  34.3020000  16.2800000   8.9130000  33.2560000  16.4000000
   7.9180000  35.0930000  15.9470000   7.2670000  35.1270000  16.8130000
   8.1670000  36.1090000  15.6470000   7.3700000  34.6080000  15.1400000
  10.2290000  34.3910000  15.1270000  10.6250000  35.4060000  15.0750000
  11.0630000  33.7270000  15.3590000   9.7010000  34.0280000  13.7260000
   9.2150000  33.0550000  13.7340000   8.9870000  34.7770000  13.3820000
  10.5270000  33.9980000  13.0140000  10.1130000  36.2730000  17.6610000
  11.2340000  36.6780000  17.3570000   9.1550000  37.0970000  18.1200000
   8.2440000  36.7240000  18.3650000   9.3930000  38.5430000  18.2160000
   9.8110000  38.8260000  17.2600000   8.1140000  39.3900000  18.3300000
   8.3580000  40.4060000  18.0200000   7.3790000  38.9950000  17.6280000
   7.5060000  39.4800000  19.7310000   7.1860000  38.4870000  20.0080000
   8.2660000  39.7960000  20.4470000   6.3390000  40.4850000  19.7950000
   5.3990000  40.4170000  18.9630000   6.3640000  41.3840000  20.6650000
  10.4390000  38.8900000  19.2860000  11.2480000  39.7930000  19.0690000
  10.4830000  38.1400000  20.3960000   9.7650000  37.4360000  20.5420000
  11.5180000  38.2980000  21.4190000  11.5860000  39.3530000  21.6870000
  11.1860000  37.4890000  22.6880000  10.9540000  36.4590000  22.4120000
  12.0670000  37.4660000  23.3310000  10.0360000  38.0690000  23.5120000
   9.7810000  39.2680000  23.5230000   9.3290000  37.2360000  24.2560000
   8.5000000  37.5970000  24.7020000   9.5030000  36.2460000  24.2120000
  12.8870000  37.8880000  20.8680000  13.8490000  38.6330000  21.0330000
  12.9890000  36.7450000  20.1820000  12.1500000  36.1690000  20.0820000
  14.2640000  36.2650000  19.6200000  14.9830000  36.2070000  20.4400000
  14.1430000  34.8440000  19.0280000  13.3430000  34.8360000  18.2870000
  15.4520000  34.3790000  18.3550000  15.6700000  34.9840000  17.4740000
  16.2890000  34.4580000  19.0520000  15.3540000  33.3410000  18.0400000
  13.8040000  33.8300000  20.1360000  14.6960000  33.5860000  20.7100000
  13.0690000  34.2090000  20.8400000  13.3930000  32.9360000  19.6720000
  14.8180000  37.2560000  18.5860000  15.9890000  37.6170000  18.6930000
  14.0010000  37.7600000  17.6460000  13.0450000  37.4160000  17.5690000
  14.4920000  38.7350000  16.6530000  15.4080000  38.3180000  16.2460000
  13.4990000  38.9170000  15.4800000  13.9870000  39.4880000  14.6890000
  13.2410000  37.9370000  15.0770000  12.2120000  39.6480000  15.8800000
  11.6890000  38.9980000  16.5670000  12.4590000  40.5730000  16.3940000
  11.3040000  40.0150000  14.6960000  11.8290000  40.7260000  14.0560000
  11.1090000  39.1220000  14.0960000   9.9640000  40.6400000  15.1540000
   9.4170000  40.9680000  14.2640000   9.3500000  39.8640000  15.6210000
  10.1320000  41.8010000  16.0860000  10.5850000  41.5340000  16.9510000
  10.6860000  42.5320000  15.6610000   9.2410000  42.2160000  16.3320000
  14.9120000  40.0770000  17.2790000  15.9090000  40.6740000  16.8660000
  14.2020000  40.5270000  18.3210000  13.3840000  40.0000000  18.6080000
  14.5120000  41.7700000  19.0240000  14.6610000  42.5620000  18.2870000
  13.3120000  42.1430000  19.9010000  12.4190000  42.2610000  19.2860000
  13.1290000  41.3670000  20.6460000  13.5170000  43.0850000  20.4090000
  15.8120000  41.6580000  19.8400000  16.6290000  42.5760000  19.8270000
  16.0480000  40.5080000  20.4810000  15.3200000  39.8010000  20.4720000
  17.2780000  40.2150000  21.2310000  17.4150000  40.9620000  22.0180000
  17.1400000  38.8290000  21.8800000  16.7520000  38.1300000  21.1370000
  18.1330000  38.5030000  22.1910000  16.2390000  38.8240000  23.1250000
  16.7890000  39.2890000  23.9450000  15.3510000  39.4320000  22.9460000
  15.7840000  37.4090000  23.5400000  15.1850000  37.5200000  24.4470000
  15.1170000  36.9980000  22.7800000  16.9300000  36.4110000  23.8270000
  17.7520000  36.9480000  24.3140000  16.5660000  35.6730000  24.5500000
  17.4140000  35.6950000  22.6020000  16.6670000  35.1740000  22.1630000
  17.7890000  36.3360000  21.9170000  18.1500000  35.0320000  22.8190000
  18.5330000  40.2480000  20.3370000  19.5370000  40.8560000  20.7100000
  18.4870000  39.6040000  19.1590000  17.6380000  39.0850000  18.9570000
  19.6670000  39.4650000  18.2590000  20.5560000  39.6370000  18.8640000
  19.8420000  38.0280000  17.7010000  20.8310000  37.9820000  17.2380000
  19.8310000  36.9940000  18.8440000  20.5110000  37.3090000  19.6360000
  18.8230000  36.8960000  19.2480000  20.1660000  36.0200000  18.4870000
  18.8090000  37.6910000  16.6100000  17.8260000  37.5860000  17.0560000
  18.7750000  38.5040000  15.8870000  19.1260000  36.4090000  15.8390000
  20.1020000  36.4950000  15.3600000  19.1140000  35.5510000  16.5080000
  18.3630000  36.2660000  15.0740000  19.7840000  40.5460000  17.1640000
  20.7570000  40.5350000  16.4070000  18.8270000  41.4800000  17.1090000
  18.0440000  41.3530000  17.7330000  18.8110000  42.6950000  16.2770000
  17.9130000  43.2520000  16.5520000  20.0160000  43.6120000  16.6140000
  20.9430000  43.0400000  16.5860000  20.1110000  44.3980000  15.8630000
  19.8860000  44.3030000  17.9850000  19.6560000  43.5690000  18.7600000
  20.8490000  44.7540000  18.2220000  18.8320000  45.4180000  17.9840000
  17.7700000  45.3270000  18.5850000  19.0690000  46.5180000  17.2950000
  18.3710000  47.2470000  17.3020000  19.9450000  46.6350000  16.8090000
  18.6550000  42.4060000  14.7620000  19.0430000  43.2370000  13.9390000
  18.0870000  41.2580000  14.3580000  17.7090000  40.6190000  15.0490000
  17.8750000  40.9250000  12.9390000  18.6440000  41.4400000  12.3620000
  18.1450000  39.4380000  12.6550000  18.3080000  39.3340000  11.5810000
  19.0810000  39.1470000  13.1390000  17.0140000  38.4870000  13.0720000
  16.6950000  38.4280000  14.2790000  16.4810000  37.7770000  12.1880000
  16.5060000  41.4310000  12.4310000  15.4410000  41.0420000  12.9130000
  16.5410000  42.3500000  11.4590000  17.4510000  42.6550000  11.1410000
  15.3630000  43.0870000  10.9620000  14.6860000  43.3060000  11.7910000
  15.8450000  44.4180000  10.3620000  16.6100000  44.2110000   9.6100000
  15.0060000  44.9080000   9.8640000  16.4050000  45.3700000  11.4320000
  15.5800000  45.7380000  12.0470000  17.1050000  44.8350000  12.0740000
  17.1420000  46.5440000  10.7710000  17.9730000  46.1600000  10.1770000
  16.4560000  47.0580000  10.0920000  17.6780000  47.5470000  11.8070000
  18.1060000  48.3990000  11.2680000  16.8380000  47.9280000  12.3970000
  18.7170000  46.9490000  12.6970000  18.3470000  46.1770000  13.2350000
  19.5000000  46.6000000  12.1610000  19.0790000  47.6300000  13.3510000
  14.5420000  42.3050000   9.9220000  13.3260000  42.4870000   9.8220000
  15.1950000  41.4260000   9.1610000  16.1850000  41.3220000   9.3230000
  14.5580000  40.5750000   8.1560000  13.7070000  41.1030000   7.7250000
  15.5270000  40.2650000   7.0030000  16.4370000  39.8130000   7.4010000
  15.0390000  39.5510000   6.3370000  15.8920000  41.5240000   6.2000000
  14.9800000  42.0340000   5.8800000  16.4510000  42.2130000   6.8370000
  16.7450000  41.1770000   4.9690000  16.1740000  40.8950000   3.8880000
  17.9950000  41.1950000   5.0710000  14.0110000  39.3110000   8.8320000
  14.6490000  38.2590000   8.8390000  12.8130000  39.4320000   9.4160000
  12.3810000  40.3490000   9.4180000  12.1440000  38.3590000  10.1630000
  12.8930000  37.8070000  10.7340000  11.4100000  38.7910000  10.8410000
  11.3940000  37.3570000   9.2830000  10.8920000  36.3620000   9.8010000
  11.3040000  37.5960000   7.9670000  11.6720000  38.4720000   7.6260000
  10.6540000  36.6790000   7.0150000   9.7910000  36.2760000   7.5510000
  10.0390000  37.4360000   5.8030000   9.3010000  38.0980000   6.2610000
  10.9790000  38.3890000   5.0280000  11.5640000  39.0140000   5.7030000
  11.6520000  37.8430000   4.3750000  10.3800000  39.0510000   4.4020000
   9.2160000  36.5320000   4.8420000   8.5730000  35.8780000   5.4340000
   8.5470000  37.1830000   4.2790000   9.9810000  35.6800000   3.8060000
  10.5660000  36.3180000   3.1480000  10.6400000  34.9570000   4.2790000
   9.2710000  35.1270000   3.1900000  11.4890000  35.4210000   6.6960000
  10.8950000  34.3430000   6.7730000  12.8140000  35.4690000   6.4110000
  13.6300000  36.6200000   6.0280000  13.5530000  37.4510000   6.7240000
  13.3550000  36.9280000   5.0230000  15.0760000  36.1400000   5.9650000
  15.5540000  36.2500000   6.9380000  15.6360000  36.6930000   5.2090000
  14.9250000  34.6640000   5.5990000  15.7440000  34.0550000   5.9770000
  14.8570000  34.5680000   4.5140000  13.5840000  34.2470000   6.2070000
  13.0720000  33.6500000   5.4490000  13.7290000  33.3370000   7.4460000
  13.6770000  32.1320000   7.2290000  13.8680000  33.7870000   8.7150000
  14.2620000  35.1160000   9.1550000  13.5970000  35.8890000   8.7880000
  15.2860000  35.3080000   8.8420000  14.2240000  35.1030000  10.6770000
  13.2150000  35.3360000  11.0190000  14.9470000  35.8060000  11.0920000
  14.5600000  33.6560000  11.0200000  14.1370000  33.3770000  11.9850000
  15.6410000  33.5090000  11.0350000  13.9490000  32.8700000   9.8520000
  14.6340000  32.0690000   9.5960000  12.6200000  32.2170000  10.2380000
  11.5250000  32.6770000   9.9120000  12.7610000  31.1280000  10.9910000
  13.7030000  30.7730000  11.1410000  11.7040000  30.4140000  11.7000000
  11.0060000  31.1460000  12.1090000  10.9400000  29.4910000  10.7340000
  10.5410000  30.0920000   9.9180000  11.6420000  28.7610000  10.3280000
   9.7650000  28.7470000  11.3850000   9.0490000  29.3620000  12.2000000
   9.5710000  27.5480000  11.0540000  12.3180000  29.6170000  12.8620000
  13.5100000  29.2920000  12.8570000  11.5000000  29.2790000  13.8570000
  10.5060000  29.4670000  13.7400000  11.9170000  28.4130000  14.9550000
  13.0040000  28.3440000  14.9480000  11.5870000  29.0440000  16.3160000
  12.1800000  28.5020000  17.0550000  11.9730000  30.0660000  16.3200000
  10.1100000  29.0180000  16.7710000   9.8130000  27.9760000  16.8780000
  10.0580000  29.4830000  17.7560000   9.0860000  29.7070000  15.8530000
   8.0020000  29.2070000  15.5980000   9.3740000  30.8770000  15.3310000
   8.6910000  31.2980000  14.7140000  10.2810000  31.2740000  15.4780000
  11.3750000  26.9930000  14.7280000  10.1680000  26.7650000  14.6710000
  12.2820000  26.0270000  14.5790000  13.2640000  26.2630000  14.6650000
  11.9670000  24.6150000  14.3660000  10.9040000  24.5060000  14.1430000
  12.7610000  24.0920000  13.1530000  12.5170000  24.7350000  12.3060000
  13.8290000  24.1810000  13.3600000  12.4350000  22.6230000  12.7870000
  12.6810000  21.9800000  13.6320000  11.3670000  22.5350000  12.5840000
  13.2120000  22.0610000  11.5890000  13.1810000  20.8680000  11.3180000
  13.9510000  22.8490000  10.8340000  14.4590000  22.4300000  10.0690000
  14.0300000  23.8300000  11.0400000  12.2690000  23.8420000  15.6510000
  13.1630000  24.2030000  16.4130000  11.5280000  22.7590000  15.8690000
  10.8280000  22.5140000  15.1800000  11.7060000  21.8050000  16.9650000
  12.7720000  21.6550000  17.1400000  11.0790000  22.3400000  18.2640000
  11.1870000  21.5950000  19.0530000  11.6120000  23.2240000  18.5840000
   9.6000000  22.6860000  18.0840000   9.4950000  23.4940000  17.3580000
   9.0750000  21.8090000  17.7010000   8.9310000  23.1240000  19.3830000
   9.0250000  22.3310000  20.1300000   9.3940000  24.0270000  19.7670000
   7.5350000  23.4400000  19.0800000   7.3290000  24.4060000  18.8900000
   6.5760000  22.5610000  18.8700000   6.7280000  21.3230000  19.2550000
   7.6320000  21.0100000  19.5760000   5.9500000  20.6880000  19.2290000
   5.4680000  22.9210000  18.2730000   5.3360000  23.8730000  17.9870000
   4.7570000  22.2510000  18.0320000  11.0900000  20.4650000  16.5630000
  10.5840000  20.3240000  15.4480000  11.0870000  19.4980000  17.4790000
  11.5220000  19.6810000  18.3720000  10.4170000  18.2160000  17.2960000
  10.1170000  18.1110000  16.2490000  11.4080000  17.0710000  17.5990000
  11.8310000  17.2150000  18.5970000  10.8250000  16.1460000  17.6160000
  12.5540000  16.9080000  16.5550000  12.1260000  16.9310000  15.5500000
  13.6670000  17.9780000  16.6370000  13.3250000  18.9360000  16.2540000
  13.9950000  18.0970000  17.6700000  14.5300000  17.6940000  16.0320000
  13.2240000  15.5370000  16.7320000  13.6700000  15.4660000  17.7240000
  12.4880000  14.7430000  16.6060000  14.0040000  15.4000000  15.9800000
   9.1240000  18.1770000  18.1370000   9.0250000  18.7490000  19.2260000
   8.1190000  17.4910000  17.6040000   8.3260000  17.0160000  16.7380000
   6.8530000  17.1070000  18.2610000   6.7860000  17.5560000  19.2560000
   5.6650000  17.6050000  17.3730000   5.9190000  17.4400000  16.3260000
   4.3150000  16.9120000  17.6430000   4.3810000  15.8510000  17.4600000
   3.9890000  17.0830000  18.6660000   3.5510000  17.2770000  16.9620000
   5.5060000  19.1210000  17.6110000   5.2590000  19.2310000  18.6660000
   6.4780000  19.5850000  17.4390000   4.4500000  19.9200000  16.8100000
   4.8620000  20.2890000  15.8720000   3.5530000  19.3420000  16.6020000
   4.1270000  20.7890000  17.3710000   6.9030000  15.5850000  18.4670000
   7.6650000  14.9080000  17.7760000   6.1010000  15.0190000  19.3750000
   5.4970000  15.6080000  19.9330000   6.0170000  13.5560000  19.5440000
   6.9710000  13.1820000  19.9200000   4.9300000  13.2340000  20.5720000
   4.0340000  13.8130000  20.3430000   4.6680000  12.1800000  20.4680000
   5.3210000  13.4750000  22.0160000   5.1040000  14.7360000  22.6020000
   4.7110000  15.5530000  22.0150000   5.3620000  14.9280000  23.9670000
   5.1500000  15.8890000  24.4050000   5.8680000  13.8750000  24.7540000
   6.0470000  14.0190000  25.8130000   6.1230000  12.6280000  24.1600000
   6.5110000  11.8150000  24.7590000   5.8460000  12.4250000  22.7940000
   6.0180000  11.4520000  22.3500000   5.7300000  12.8150000  18.2200000
   6.3480000  11.7900000  17.9330000   4.8280000  13.3610000  17.3970000
   4.3100000  14.1530000  17.7480000   4.5330000  12.9100000  16.0330000
   4.4950000  11.8170000  16.0110000   3.1460000  13.4570000  15.6720000
   2.4060000  13.1140000  16.3960000   3.1620000  14.5490000  15.6630000
   2.8640000  13.0990000  14.6810000   5.5740000  13.3490000  14.9770000
   5.7350000  12.6710000  13.9610000   6.2710000  14.4690000  15.2100000
   6.1250000  14.9200000  16.1010000   7.2740000  15.0570000  14.3090000
   8.0280000  15.5750000  14.9020000   7.7600000  14.2790000  13.7190000
   6.6550000  16.0800000  13.3520000   6.1800000  15.7330000  12.2710000
   6.6830000  17.3500000  13.7710000   7.1900000  17.5210000  14.6270000
   6.0570000  18.5350000  13.1430000   6.1430000  18.4580000  12.0580000
   4.5680000  18.6290000  13.5530000   4.5400000  18.6000000  14.6350000
   4.1510000  19.5850000  13.2210000   3.6360000  17.5210000  13.0590000
   3.5990000  17.5460000  11.9680000   4.0260000  16.5580000  13.3820000
   2.2320000  17.7290000  13.6750000   2.3230000  17.8260000  14.7590000
   1.7820000  18.6450000  13.2870000   1.2820000  16.5710000  13.3640000
   1.0990000  16.5690000  12.2860000   1.7820000  15.6330000  13.6260000
  -0.0150000  16.7020000  14.0920000   0.1150000  16.7110000  15.0930000
  -0.4900000  17.5560000  13.8380000  -0.6380000  15.9380000  13.8720000
   6.7800000  19.8280000  13.5880000   7.5320000  19.8120000  14.5650000
   6.5340000  20.9510000  12.9080000   5.8350000  20.9240000  12.1810000
   7.1650000  22.2470000  13.2110000   8.1560000  22.0720000  13.6360000
   7.3310000  23.0560000  11.9140000   6.3460000  23.2320000  11.4750000
   7.7730000  24.0200000  12.1730000   8.2640000  22.3740000  10.8950000
   9.2560000  22.2950000  11.3430000   7.9050000  21.3660000  10.6780000
   8.3920000  23.1110000   9.5540000   8.8890000  22.5640000   8.5790000
   7.9580000  24.3490000   9.4100000   8.0450000  24.7760000   8.5000000
   7.5250000  24.8440000  10.1750000   6.3540000  23.0650000  14.2340000
   5.2350000  22.6910000  14.5930000   6.8940000  24.2120000  14.6720000
   7.8100000  24.4810000  14.3380000   6.1530000  25.2130000  15.4500000
   5.3610000  24.6810000  15.9690000   7.1160000  25.8590000  16.4710000
   7.6810000  25.0560000  16.9430000   7.8430000  26.4540000  15.9130000
   6.4870000  26.7460000  17.5820000   6.0500000  27.6400000  17.1380000
   5.3920000  26.0160000  18.3910000   4.6850000  25.5120000  17.7380000
   5.8360000  25.3190000  19.0910000   4.8030000  26.6920000  18.9930000
   7.6160000  27.2030000  18.5180000   8.3930000  26.4450000  18.6090000
   8.0460000  28.1200000  18.1370000   7.2380000  27.4250000  19.5040000
   5.4710000  26.2500000  14.5380000   5.9140000  26.4930000  13.4140000
   4.3900000  26.8590000  15.0290000   4.0750000  26.6290000  15.9590000
   3.6630000  27.9490000  14.3730000   4.2940000  28.4010000  13.6070000
   2.3840000  27.4200000  13.6920000   1.8170000  26.8200000  14.4050000
   1.7770000  28.2770000  13.4020000   2.6550000  26.5890000  12.4260000
   3.2950000  27.1760000  11.7630000   3.1890000  25.6750000  12.6920000
   1.3670000  26.2130000  11.6660000   0.2390000  26.3880000  12.1860000
   1.4750000  25.7250000  10.5170000   3.3360000  29.0470000  15.4000000
   3.2590000  28.8030000  16.6040000   3.1360000  30.2690000  14.9120000
   3.2560000  30.4110000  13.9200000   2.6990000  31.4190000  15.7050000
   3.2390000  31.4550000  16.6490000   3.0340000  32.6980000  14.9270000
   2.4920000  32.6760000  13.9790000   2.6730000  33.5440000  15.5070000
   4.5310000  32.9340000  14.6380000   5.4120000  32.2610000  15.2150000
   4.8090000  33.8300000  13.8060000   1.1860000  31.3590000  16.0260000
   0.4130000  30.6700000  15.3530000   0.7520000  32.1370000  17.0310000
   1.4380000  32.6740000  17.5380000  -0.6650000  32.4460000  17.2910000
  -0.7370000  33.4810000  17.6290000  -1.2260000  32.3380000  16.3610000
  -1.3510000  31.5880000  18.3670000  -2.4460000  31.9450000  18.8040000
  -0.7190000  30.4990000  18.8260000   0.1770000  30.2840000  18.4090000
  -1.1450000  29.6520000  19.9620000  -2.0040000  30.1090000  20.4540000
  -1.5190000  28.2340000  19.4670000  -0.6020000  27.7280000  19.1820000
  -1.9360000  27.6630000  20.3000000  -2.4830000  28.1410000  18.2630000
  -2.0270000  28.6060000  17.3870000  -2.6340000  27.0870000  18.0230000
  -3.8570000  28.7850000  18.4920000  -3.7420000  29.8520000  18.6700000
  -4.4540000  28.6680000  17.5850000  -4.5560000  28.2030000  19.6490000
  -4.3940000  28.6550000  20.5370000  -5.3710000  27.1560000  19.6450000
  -5.7020000  26.5240000  18.5390000  -5.3360000  26.8320000  17.6530000
  -6.3310000  25.7380000  18.5690000  -5.8830000  26.7320000  20.7770000
  -5.6330000  27.1730000  21.6470000  -6.4830000  25.9250000  20.7870000
   0.0020000  29.5640000  20.9830000   1.1450000  29.7940000  20.5980000
  -0.2560000  29.2500000  22.2630000  -1.2170000  29.0650000  22.5100000
   0.7960000  29.1290000  23.3080000   1.3940000  30.0270000  23.2750000
   0.2150000  29.1350000  24.7270000  -0.3260000  30.0730000  24.8820000
  -0.7080000  27.9620000  25.0410000  -1.5420000  27.9400000  24.3420000
  -0.1490000  27.0330000  24.9740000  -1.1020000  28.0600000  26.0530000
   1.2920000  29.0790000  25.6340000   0.9540000  29.2890000  26.5210000
   1.7560000  27.9600000  23.0400000   1.3270000  26.9280000  22.5270000
   3.0470000  28.1000000  23.3870000   3.3140000  28.9410000  23.8850000
   4.0630000  27.0410000  23.2180000   4.1430000  26.8020000  22.1550000
   5.4380000  27.5220000  23.7500000   5.7310000  28.4500000  23.2580000
   5.3330000  27.7370000  24.8150000   6.5810000  26.4880000  23.5690000
   6.3030000  25.5370000  24.0230000   6.9230000  26.2490000  22.0940000
   6.0440000  25.8970000  21.5600000   7.2790000  27.1810000  21.6580000
   7.7050000  25.4940000  22.0060000   7.8470000  26.9660000  24.2790000
   8.1640000  27.9310000  23.8820000   7.6350000  27.0550000  25.3420000
   8.6500000  26.2400000  24.1390000   3.6360000  25.7530000  23.9380000
   3.8820000  24.6570000  23.4460000   2.9660000  25.8870000  25.0820000
   2.7760000  26.8270000  25.4070000   2.5090000  24.7600000  25.9030000
   3.3130000  24.0280000  25.9810000   2.2190000  25.3050000  27.3100000
   3.0310000  25.9770000  27.5970000   1.2920000  25.8820000  27.2710000
   2.1210000  24.2800000  28.2910000   1.8230000  24.6730000  29.1380000
   1.2800000  24.0200000  25.3190000   0.9670000  22.9060000  25.7480000
   0.5880000  24.5910000  24.3210000   0.9140000  25.4790000  23.9520000
  -0.5630000  23.9710000  23.6440000  -1.1000000  23.3320000  24.3470000
  -1.5290000  25.0690000  23.1820000  -1.8890000  25.6110000  24.0600000
  -0.9970000  25.7730000  22.5370000  -2.7240000  24.4930000  22.4110000
  -3.5500000  23.7730000  23.0310000  -2.8470000  24.7740000  21.2000000
  -0.1410000  23.0840000  22.4610000  -0.7750000  22.0590000  22.2030000
   0.9630000  23.4230000  21.7870000   1.4470000  24.2670000  22.0590000
   1.6570000  22.4940000  20.8940000   0.9410000  22.0860000  20.1780000
   2.7740000  23.2000000  20.1170000   3.5000000  23.6200000  20.8150000
   3.2820000  22.4390000  19.5280000   2.2820000  24.2720000  19.1720000
   2.2850000  25.6210000  19.5710000   2.6780000  25.9000000  20.5370000
   1.7490000  26.6050000  18.7240000   1.7350000  27.6400000  19.0320000
   1.1850000  26.2400000  17.4820000   0.5640000  27.1870000  16.7260000
   0.2050000  26.8380000  15.9010000   1.2370000  24.8930000  17.0550000
   0.8250000  24.6070000  16.0970000   1.7890000  23.9130000  17.9030000
   1.7950000  22.8770000  17.5900000   2.2610000  21.3330000  21.6880000
   2.8370000  21.5310000  22.7590000   2.2060000  20.1230000  21.1310000
   1.7610000  20.0230000  20.2290000   2.7740000  18.9370000  21.7710000
   2.6290000  19.0510000  22.8470000   1.9830000  17.6810000  21.3560000
   0.9200000  17.9240000  21.3300000   2.2790000  17.3640000  20.3540000
   2.1510000  16.5180000  22.3340000   2.4970000  16.6850000  23.4980000
   1.8880000  15.3020000  21.8930000   1.9850000  14.5270000  22.5310000
   1.5640000  15.1640000  20.9490000   4.2970000  18.8650000  21.5460000
   4.8140000  17.9500000  20.9040000   5.0230000  19.8790000  22.0480000
   4.5080000  20.6090000  22.5330000   6.4780000  19.8410000  22.2560000
   6.9660000  19.8780000  21.2870000   6.9740000  21.0340000  23.1310000
   8.0650000  21.0030000  23.0900000   6.5750000  22.4030000  22.5500000
   7.0730000  22.5540000  21.6010000   5.4980000  22.4840000  22.4100000
   6.8980000  23.2000000  23.2190000   6.6130000  20.9930000  24.6420000
   7.0490000  20.1060000  25.1020000   7.0940000  21.8410000  25.1250000
   5.1240000  21.0800000  25.0080000   4.7030000  21.9960000  24.5950000
   4.5780000  20.2120000  24.6400000   5.0130000  21.1180000  26.0900000
   6.8670000  18.5000000  22.8850000   6.1590000  18.0410000  23.7800000
   7.9580000  17.8710000  22.4310000   8.5070000  18.2870000  21.6900000
   8.4910000  16.6870000  23.1190000   7.7670000  15.8730000  23.0600000
   9.8280000  16.2250000  22.5050000  10.5230000  17.0670000  22.4510000
  10.2490000  15.4860000  23.1870000   9.6920000  15.5610000  21.1240000
   8.8940000  14.8190000  21.1820000   9.4190000  16.3050000  20.3780000
  10.9960000  14.8850000  20.6740000  12.0410000  15.5060000  20.5360000
  11.0020000  13.5850000  20.4470000  11.8840000  13.1490000  20.2270000
  10.1750000  13.0280000  20.5860000   8.6930000  17.0420000  24.5990000
   9.4300000  17.9810000  24.9000000   8.0170000  16.3510000  25.5290000
   7.3970000  15.6070000  25.2420000   8.1030000  16.7050000  26.9510000
   8.0220000  17.7910000  27.0230000   6.9630000  16.0910000  27.7980000
   7.0030000  15.0040000  27.7080000   7.1630000  16.3200000  28.8470000
   5.5290000  16.5640000  27.4660000   5.2530000  16.1650000  26.4990000
   4.8350000  16.1240000  28.1860000   5.2890000  18.0860000  27.4370000
   5.9390000  18.5480000  26.6930000   4.2560000  18.2660000  27.1270000
   5.5060000  18.7230000  28.8210000   4.8800000  18.1900000  29.5440000
   6.5490000  18.5840000  29.1240000   5.1560000  20.1730000  28.8330000
   5.7560000  20.7020000  28.2160000   4.1970000  20.3200000  28.5450000
   5.2510000  20.5680000  29.7600000   9.4880000  16.3240000  27.4960000
   9.8260000  15.1460000  27.6420000  10.2810000  17.3440000  27.8030000
   9.9410000  18.2800000  27.6260000  11.6420000  17.2830000  28.3130000
  11.6910000  16.5230000  29.0970000  12.6350000  16.8920000  27.1950000
  13.6290000  16.8000000  27.6320000  12.3530000  15.9100000  26.8150000
  12.7240000  17.8830000  26.0200000  11.7430000  18.0320000  25.5850000
  13.0590000  18.8490000  26.3990000  13.6640000  17.3980000  24.9030000
  13.5770000  16.2150000  24.4920000  14.4810000  18.2090000  24.4070000
  11.9600000  18.6520000  28.9340000  11.1900000  19.6040000  28.7960000
  13.1010000  18.7820000  29.5970000  13.7170000  17.9820000  29.6750000
  13.5960000  20.0750000  30.0840000  13.1560000  20.8770000  29.4940000
  13.1680000  20.3160000  31.5350000  12.0840000  20.2150000  31.5930000
  13.6370000  19.5710000  32.1800000  13.5360000  21.6200000  31.9710000
  13.2300000  21.7350000  32.8940000  15.1210000  20.1090000  29.9520000
  15.8120000  19.2220000  30.4650000  15.7000000  21.0830000  29.2480000
  16.7030000  21.0040000  29.1780000  15.0730000  22.2070000  28.5220000
  14.3350000  22.7010000  29.1530000  16.1690000  23.2390000  28.2740000
  16.6350000  23.4960000  29.2250000  17.2470000  22.7710000  27.3050000
  17.6590000  21.8140000  27.6180000  16.8130000  22.6690000  26.3110000
  18.0530000  23.5020000  27.2860000  15.5600000  24.3790000  27.7490000
  16.2220000  25.0850000  27.7020000  14.3680000  21.7710000  27.2230000
  14.7730000  20.7850000  26.6100000  13.3180000  22.4880000  26.7950000
  13.0710000  23.3140000  27.3300000  12.6700000  22.2790000  25.4830000
  12.4420000  21.2210000  25.3410000  11.3740000  23.1030000  25.3720000
  11.6390000  24.1470000  25.5230000  11.0060000  23.0030000  24.3480000
  10.2210000  22.7640000  26.3300000  10.5400000  22.9380000  27.3590000
   9.0570000  23.7180000  26.0190000   9.3760000  24.7480000  26.1830000
   8.7360000  23.6120000  24.9810000   8.2170000  23.5010000  26.6770000
   9.7620000  21.3060000  26.1830000   9.4870000  21.1030000  25.1490000
  10.5620000  20.6260000  26.4690000   8.9060000  21.1220000  26.8320000
  13.6040000  22.7490000  24.3580000  13.9810000  23.9130000  24.3490000
  13.9410000  21.9160000  23.3730000  13.5880000  20.9710000  23.3830000
  14.8810000  22.3110000  22.3100000  15.4940000  23.1410000  22.6670000
  15.8530000  21.1600000  22.0140000  15.2960000  20.2460000  21.7950000
  16.4420000  21.4050000  21.1280000  16.8020000  20.9190000  23.1610000
  16.6090000  20.0470000  24.2030000  15.8060000  19.4270000  24.3350000
  17.6620000  20.1500000  25.0320000  17.7790000  19.5730000  25.9410000
  18.5410000  21.0610000  24.5720000  17.9910000  21.5650000  23.3840000
  18.4260000  22.3280000  22.7500000  14.1780000  22.8110000  21.0350000
  13.6060000  22.0310000  20.2700000  14.2880000  24.1200000  20.7860000
  14.7870000  24.6880000  21.4630000  13.9900000  24.7930000  19.5210000
  13.4960000  24.1000000  18.8430000  13.0720000  26.0220000  19.7630000
  13.4940000  26.6070000  20.5840000  13.1120000  26.6530000  18.8700000
  11.5780000  25.7380000  20.0580000  11.1480000  25.2500000  19.1880000
  11.3410000  24.8170000  21.2810000  11.4810000  23.7680000  21.0210000
  12.0410000  25.0330000  22.0820000  10.3290000  24.9330000  21.6640000
  10.7980000  27.0630000  20.1720000  11.3010000  27.7890000  20.8070000
  10.6990000  27.5090000  19.1830000   9.7950000  26.8840000  20.5620000
  15.3220000  25.2260000  18.8760000  16.3280000  25.4250000  19.5530000
  15.3180000  25.4250000  17.5620000  14.4780000  25.1260000  17.0650000
  16.4340000  25.9980000  16.7920000  17.1320000  26.4370000  17.5000000
  17.2020000  24.9140000  15.9820000  17.4650000  24.1120000  16.6730000
  16.3840000  24.2770000  14.8390000  15.4860000  23.8050000  15.2360000
  16.0970000  25.0270000  14.1080000  16.9670000  23.5130000  14.3230000
  18.5250000  25.4750000  15.4260000  18.3650000  26.4350000  14.9450000
  19.2360000  25.6310000  16.2290000  18.9740000  24.7820000  14.7150000
  15.9280000  27.1590000  15.9340000  14.9780000  27.0050000  15.1680000
  16.5570000  28.3300000  16.0730000  17.3650000  28.3810000  16.6850000
  16.3240000  29.4720000  15.1960000  15.2840000  29.4660000  14.8650000
  16.5800000  30.7670000  15.9930000  15.9730000  30.7160000  16.8990000
  17.6230000  30.7740000  16.3150000  16.2520000  32.1110000  15.2910000
  16.4180000  32.8890000  16.0340000  17.1720000  32.4510000  14.1070000
  18.2140000  32.3180000  14.3990000  16.9490000  31.8240000  13.2460000
  17.0250000  33.4910000  13.8160000  14.7790000  32.1940000  14.8500000
  14.5870000  31.5050000  14.0290000  14.1210000  31.9490000  15.6840000
  14.5430000  33.2040000  14.5110000  17.2430000  29.2880000  13.9840000
  18.4680000  29.3520000  14.1090000  16.6400000  29.0400000  12.8210000
  15.6260000  29.0140000  12.8090000  17.3420000  28.8490000  11.5440000
  18.3710000  29.1990000  11.6450000  17.3590000  27.3690000  11.1070000
  16.3330000  27.0170000  10.9720000  17.8720000  27.3000000  10.1430000
  18.0660000  26.4550000  12.1150000  19.0510000  26.8530000  12.3660000
  17.4540000  26.4270000  13.0110000  18.2030000  25.0100000  11.6140000
  18.5210000  24.3750000  12.4390000  17.2300000  24.6470000  11.2870000
  19.1560000  24.8780000  10.5000000  18.7550000  24.8220000   9.5750000
  20.4780000  24.7980000  10.5930000  21.1140000  24.8600000  11.7440000
  20.6020000  24.9850000  12.6000000  22.1190000  24.7930000  11.7680000
  21.1940000  24.6580000   9.5030000  20.7480000  24.6040000   8.6000000
  22.1970000  24.5910000   9.5630000  16.6930000  29.6820000  10.4490000
  15.5070000  30.0090000  10.5110000  17.4770000  29.9810000   9.4180000
  18.4400000  29.6790000   9.4530000  16.9790000  30.5800000   8.1880000
  16.2440000  31.3450000   8.4330000  18.1290000  31.2580000   7.4190000
  18.8920000  30.5120000   7.1840000  17.7090000  31.5870000   6.4670000
  18.8090000  32.4900000   8.0740000  19.4490000  32.9310000   7.3080000
  17.8050000  33.5700000   8.5040000  17.1700000  33.8410000   7.6650000
  17.1870000  33.2100000   9.3240000  18.3390000  34.4610000   8.8370000
  19.7150000  32.1430000   9.2690000  19.1230000  31.8900000  10.1470000
  20.3640000  31.3050000   9.0120000  20.3380000  33.0020000   9.5190000
  16.2750000  29.4950000   7.3500000  16.8990000  28.5090000   6.9500000
  14.9790000  29.6880000   7.0940000  14.5630000  30.5360000   7.4620000
  14.1510000  28.9360000   6.1380000  14.7090000  28.0630000   5.8000000
  12.8840000  28.3930000   6.8470000  12.3050000  27.7870000   6.1480000
  13.2310000  27.7020000   7.6200000  11.9370000  29.4060000   7.5300000
  11.1980000  28.8130000   8.0680000  12.4980000  29.9890000   8.2650000
  11.1270000  30.3550000   6.6280000  11.7850000  30.9670000   6.0130000
  10.5040000  29.7440000   5.9740000  10.2880000  31.2630000   7.4310000
  10.6510000  31.5180000   8.3410000   9.1580000  31.8570000   7.0580000
   8.6310000  31.6840000   5.8620000   9.0850000  31.0910000   5.1900000
   7.7730000  32.1490000   5.6080000   8.5280000  32.6430000   7.9070000
   8.9340000  32.8390000   8.8080000   7.6720000  33.1020000   7.6410000
  13.8780000  29.7940000   4.8850000  14.5890000  30.7680000   4.6190000
  12.8420000  29.4510000   4.1150000  12.3410000  28.6030000   4.3410000
  12.3370000  30.2420000   2.9900000  11.7210000  31.0590000   3.3710000
  13.1690000  30.6990000   2.4540000  11.5010000  29.4090000   2.0170000
  11.0280000  28.3240000   2.3670000  11.3260000  29.9340000   0.8000000
  11.7270000  30.8490000   0.6400000  10.5640000  29.3160000  -0.3040000
  11.1040000  29.4270000  -1.2450000  10.4420000  28.2480000  -0.1230000
   9.1720000  29.9240000  -0.4740000   8.1820000  29.1980000  -0.2390000
   9.0790000  31.1160000  -0.8420000
