
  1231
   7.8080000  27.3490000  31.3090000   8.1310000  28.1810000  31.7980000
   7.8210000  27.5190000  30.3040000   6.8600000  27.1250000  31.6040000
   8.7030000  26.2160000  31.6290000   8.6910000  26.0320000  32.6890000
   8.2490000  24.9480000  30.8740000   8.7720000  24.1050000  31.2840000
   7.1900000  24.8180000  31.0210000   8.5280000  25.0140000  29.3620000
   9.5800000  25.2030000  29.2250000   8.2720000  24.0610000  28.9340000
   7.6050000  26.2980000  28.4590000   6.0450000  25.3540000  28.3900000
   6.2090000  24.4080000  27.8480000   5.7010000  25.1360000  29.4190000
   5.2790000  25.9470000  27.8630000  10.0920000  26.5560000  31.1920000
  10.3400000  27.6290000  30.6310000  11.1090000  25.8250000  31.4450000
  10.9000000  24.9720000  31.9490000  12.4330000  26.1260000  30.9930000
  12.6540000  27.1560000  31.1880000  13.5190000  25.2420000  31.6370000
  13.4780000  25.3740000  32.7050000  13.3040000  24.2180000  31.3960000
  14.9430000  25.5640000  31.1660000  15.0310000  25.3770000  30.1090000
  15.1740000  26.5940000  31.3670000  15.8980000  24.6610000  31.9380000
  17.1160000  24.7200000  31.7580000  15.3290000  23.8030000  32.8350000
  15.9120000  23.1810000  33.3790000  14.3240000  23.7880000  32.9570000
  12.4210000  25.8920000  29.5180000  12.0290000  24.8220000  29.0490000
  12.9160000  26.9060000  28.7640000  13.2300000  27.7750000  29.1750000
  12.9120000  26.7440000  27.3400000  12.6740000  25.7300000  27.0930000
  11.9620000  27.6770000  26.6210000  11.0700000  27.7600000  27.2110000
  12.6240000  29.0670000  26.5520000  12.8180000  29.4320000  27.5760000
  13.5770000  28.9980000  26.0010000  11.9500000  29.7680000  26.0310000
  11.5640000  27.1450000  25.2240000  11.1710000  26.1530000  25.3470000
  10.7960000  27.7850000  24.8290000  12.7010000  27.0840000  24.2010000
  13.1130000  28.0960000  24.0450000  13.4970000  26.4210000  24.5770000
  12.3140000  26.6930000  23.2440000  14.2980000  27.0580000  26.8960000
  14.9540000  27.9420000  27.4490000  14.8090000  26.3230000  25.8880000
  14.2590000  25.5540000  25.5300000  16.1100000  26.5820000  25.3590000
  16.6110000  27.3380000  25.9280000  16.9600000  25.2940000  25.2900000
  16.9790000  24.8340000  26.2610000  16.5160000  24.6200000  24.5830000
  18.3610000  25.5960000  24.8650000  18.7020000  25.6560000  23.5340000
  17.9460000  25.4880000  22.7730000  20.0000000  25.9290000  23.1640000
  20.2600000  25.9750000  22.1110000  20.9720000  26.1450000  24.1130000
  21.9920000  26.3610000  23.8130000  20.6400000  26.0820000  25.4440000
  21.3970000  26.2490000  26.2050000  19.3430000  25.8070000  25.8080000
  19.0870000  25.7560000  26.8610000  15.8870000  27.0320000  23.9490000
  15.4480000  26.2490000  23.1080000  16.2540000  28.3540000  23.6210000
  16.5300000  28.9910000  24.3550000  16.1660000  28.8230000  22.2700000
  15.6040000  28.1370000  21.6710000  15.6140000  30.2120000  22.1400000
  16.2110000  30.8750000  22.7320000  15.7150000  30.6400000  20.6650000
  16.7710000  30.6240000  20.3500000  15.1340000  29.9440000  20.0410000
  15.3140000  31.6590000  20.5490000  14.1750000  30.2210000  22.6870000
  13.5570000  29.5160000  22.1090000  14.1840000  29.9170000  23.7470000
  13.7550000  31.2350000  22.5980000  17.5820000  28.8580000  21.8330000
  18.3640000  29.6850000  22.3040000  17.9220000  27.9910000  20.8570000
  17.2250000  27.4340000  20.3810000  19.3040000  27.8550000  20.5380000
  19.8850000  28.1270000  21.3950000  19.6950000  26.4300000  20.1110000
  19.4420000  25.7520000  20.9070000  19.1370000  26.1720000  19.2310000
  21.1880000  26.2860000  19.8050000  21.3980000  26.8130000  18.8930000
  21.7440000  26.7280000  20.6100000  21.6480000  24.8350000  19.6420000
  22.6810000  24.7700000  19.9340000  21.0540000  24.2140000  20.2860000
  21.5130000  24.3170000  18.2090000  21.7620000  23.2730000  18.1830000
  20.5020000  24.4530000  17.8730000  22.4330000  25.0660000  17.3190000
  22.1980000  26.0530000  17.3430000  23.3890000  24.9380000  17.6360000
  22.3410000  24.7200000  16.3700000  19.6850000  28.7350000  19.4070000
  19.4960000  28.4020000  18.2360000  20.1670000  29.8210000  19.6510000
  20.0530000  30.2140000  20.5760000  20.8720000  30.5580000  18.6630000
  20.6970000  30.1870000  17.6730000  20.6950000  32.0510000  18.7540000
  21.2650000  32.5190000  17.9760000  19.2070000  32.4010000  18.5650000
  18.8720000  32.0500000  17.5750000  18.6120000  31.9090000  19.3530000
  19.0730000  33.4940000  18.6320000  21.1530000  32.5230000  20.0150000
  21.0350000  33.4760000  20.0630000  22.2350000  30.2410000  19.1470000
  22.3890000  29.3320000  19.9650000  23.3040000  30.9560000  18.6780000
  23.2610000  31.6950000  17.9870000  24.5180000  30.5120000  19.2910000
  24.5920000  29.4470000  19.1860000  25.7720000  31.1590000  18.6710000
  25.6780000  32.2280000  18.7480000  26.6340000  30.8320000  19.2250000
  25.9790000  30.7920000  17.1870000  25.9390000  29.7230000  17.1230000
  24.8310000  31.3410000  16.3150000  23.8730000  30.9110000  16.6570000
  24.7930000  32.4400000  16.4020000  25.0060000  31.0630000  15.2620000
  27.3720000  31.2170000  16.6840000  27.4830000  32.3090000  16.7900000
  28.1490000  30.7070000  17.2800000  27.4840000  30.9400000  15.6230000
  24.5000000  30.8560000  20.7670000  24.8030000  30.0080000  21.6100000
  24.1360000  31.9780000  21.1450000  23.7630000  32.5350000  20.3800000
  24.2430000  32.6050000  22.4540000  25.2470000  32.4110000  22.7840000
  24.1080000  34.1080000  22.3720000  24.7900000  34.4820000  21.6250000
  22.6640000  34.4730000  21.9620000  22.4450000  34.0290000  20.9740000
  21.9560000  34.0770000  22.7180000  22.5570000  35.5750000  21.9000000
  24.4210000  34.6900000  23.6340000  24.3330000  35.6500000  23.5740000
  23.3340000  32.1450000  23.5930000  23.8520000  31.7330000  24.6390000
  22.0090000  32.0160000  23.5890000  21.5190000  32.2580000  22.7370000
  21.3120000  31.6320000  24.8080000  21.5310000  30.6010000  25.0190000
  21.6670000  32.2440000  25.6140000  19.8040000  31.7970000  24.7020000
  19.2740000  31.9560000  23.6030000  19.0500000  31.6090000  26.0380000
  19.5090000  31.5080000  26.9350000  17.5900000  31.6650000  25.9930000
  17.2870000  32.5220000  25.4230000  17.0260000  30.4030000  25.3390000
  15.9770000  30.3290000  25.5710000  17.1530000  30.4800000  24.2730000
  17.7380000  29.1280000  25.8390000  17.3360000  28.2900000  25.3020000
  18.7890000  29.2210000  25.6240000  17.5760000  28.8560000  27.3430000
  17.8120000  29.7600000  27.8700000  16.5490000  28.5920000  27.5260000
  18.4630000  27.7380000  27.9020000  18.2350000  26.8200000  27.3960000
  19.4970000  27.9890000  27.7420000  18.2170000  27.5700000  29.3540000
  18.4330000  28.4370000  29.8350000  17.2400000  27.3320000  29.5070000
  18.8090000  26.8270000  29.7160000  16.9320000  31.7180000  27.3760000
  17.6120000  31.5420000  28.3890000  15.5640000  31.9250000  27.4470000
  15.1040000  32.2060000  26.5890000  14.7290000  31.8340000  28.6490000
  14.7200000  30.8190000  28.9930000  15.1990000  32.7200000  29.7660000
  16.2440000  32.5490000  29.9380000  14.9850000  34.1850000  29.3490000
  15.5640000  34.3950000  28.4330000  13.9130000  34.3610000  29.1560000
  15.3260000  34.8480000  30.1600000  14.4750000  32.4360000  30.9590000
  14.7840000  33.0080000  31.6660000  13.2980000  32.2590000  28.3060000
  13.1270000  33.2180000  27.5540000  12.1690000  31.3290000  29.1880000
  12.3020000  30.5000000  29.7530000  10.8210000  31.7960000  28.8620000
  10.8400000  32.8660000  28.8280000  10.2580000  31.2930000  27.5580000
   9.3220000  31.7860000  27.3890000  11.2200000  31.7030000  26.4260000
  11.3120000  32.8020000  26.3990000  12.2130000  31.2590000  26.6080000
  10.8250000  31.3430000  25.4590000   9.9810000  29.7810000  27.6360000
  10.9230000  29.2650000  27.6190000   9.4750000  29.5720000  28.5640000
   9.1160000  29.2560000  26.4830000   8.1390000  29.7680000  26.4920000
   9.6250000  29.4520000  25.5220000   8.9600000  28.1710000  26.6050000
   9.7980000  31.3680000  29.8900000  10.0550000  30.5300000  30.7540000
   8.4940000  31.8350000  29.9200000   8.3600000  32.5770000  29.2400000
   7.3770000  31.4450000  30.7590000   7.7460000  30.9060000  31.6130000
   6.5500000  32.6010000  31.2380000   7.1970000  33.3470000  31.6730000
   5.8100000  33.2080000  30.0250000   6.5470000  33.5600000  29.2750000
   5.1540000  32.4400000  29.5660000   5.1980000  34.0600000  30.3640000
   5.6130000  32.1560000  32.2230000   5.0880000  32.9020000  32.5240000
   6.4600000  30.5420000  29.9590000   6.5510000  30.4600000  28.7260000
   5.4440000  29.8110000  30.6900000   5.3950000  29.9500000  31.6990000
   4.5120000  28.8710000  30.0880000   5.0670000  28.1710000  29.4940000
   3.6850000  28.0850000  31.1390000   3.1540000  28.7900000  31.7540000
   2.9750000  27.4550000  30.6160000   4.5420000  27.1940000  32.0690000
   5.1660000  26.6000000  31.4300000   5.4850000  28.0410000  32.9630000
   6.1650000  28.6410000  32.3210000   4.8850000  28.7160000  33.5970000
   6.0810000  27.3740000  33.6130000   3.6610000  26.2150000  32.8870000
   2.9570000  26.7860000  33.5160000   3.0910000  25.5610000  32.1920000
   4.3040000  25.5950000  33.5390000   3.5300000  29.5700000  29.1890000
   3.1690000  29.0660000  28.1140000   3.0830000  30.7150000  29.6440000
   3.4790000  31.1120000  30.4960000   2.0480000  31.4420000  28.9560000
   1.1970000  30.7880000  28.8370000   1.5940000  32.6940000  29.7390000
   0.8120000  33.1690000  29.1710000   1.2040000  32.3720000  30.6970000
   2.7060000  33.7340000  29.9960000   3.4980000  33.2930000  30.5790000
   3.1040000  34.0910000  29.0540000   2.0830000  34.8890000  30.7740000
   1.5590000  34.6320000  31.9050000   2.1170000  36.0410000  30.2470000
   2.5090000  31.8700000  27.5820000   1.6930000  32.0130000  26.6610000
   3.8930000  32.1060000  27.4080000   4.5350000  31.8730000  28.1600000
   4.4210000  32.6210000  26.1640000   4.0670000  33.6260000  26.0470000
   5.9300000  32.6680000  26.1220000   6.2900000  33.1760000  27.0010000
   6.4610000  31.2230000  26.1360000   6.1250000  30.7120000  27.0620000
   6.0720000  30.6800000  25.2510000   7.5670000  31.2430000  26.1050000
   6.3590000  33.4740000  24.8680000   5.9640000  32.9800000  23.9580000
   5.9570000  34.4990000  24.9330000   7.4640000  33.5210000  24.8190000
   3.9510000  31.8300000  24.9670000   3.6790000  30.6260000  25.0410000
   3.8110000  32.4460000  23.8920000   4.0280000  33.4380000  23.9460000
   3.3900000  31.9260000  22.6120000   3.0860000  30.8970000  22.7080000
   2.2600000  32.7560000  21.9710000   1.9490000  32.2710000  21.0560000
   1.4320000  32.7800000  22.6600000   2.6680000  34.2010000  21.6370000
   2.9640000  34.7170000  22.5390000   3.4880000  34.2070000  20.9380000
   1.4520000  34.8790000  21.0100000   0.3380000  34.2750000  21.0730000
   1.6190000  36.0120000  20.4610000   4.5840000  32.0470000  21.6990000
   5.4840000  32.8560000  21.9670000   4.6080000  31.1740000  20.6820000
   4.2630000  29.7610000  20.8250000   3.2120000  29.6050000  20.6360000
   4.5050000  29.4140000  21.8190000   5.1080000  29.0170000  19.7710000
   4.4900000  28.3490000  19.1900000   5.8940000  28.4590000  20.2500000
   5.7010000  30.1320000  18.8730000   5.0580000  30.3400000  18.0300000
   6.6820000  29.8730000  18.5170000   5.7630000  31.3140000  19.8380000
   6.6090000  31.1320000  20.4770000   6.0010000  32.6680000  19.2290000
   7.1690000  33.0330000  19.0500000   4.9010000  33.5020000  18.9580000
   3.9500000  33.1820000  19.1150000   5.1690000  34.8230000  18.4310000
   5.7520000  34.7450000  17.5330000   3.8790000  35.6110000  18.1300000
   3.2900000  35.0720000  17.4000000   3.3140000  35.7160000  19.0410000
   4.2000000  36.9070000  17.6150000   3.3880000  37.3880000  17.4310000
   5.9410000  35.5910000  19.4710000   6.8790000  36.3360000  19.1550000
   5.6540000  35.5580000  20.7290000   4.8940000  34.9370000  20.9820000
   6.3400000  36.3010000  21.7550000   6.3590000  37.3390000  21.4770000
   5.6700000  36.1640000  23.1360000   4.6120000  36.3250000  23.0390000
   5.8470000  35.1770000  23.5320000   6.2720000  37.2090000  24.0740000
   7.1990000  37.9470000  23.6330000   5.8100000  37.2830000  25.2460000
   7.7520000  35.8090000  21.8820000   8.6780000  36.6070000  22.0600000
   7.9160000  34.5110000  21.7690000   7.1460000  33.8780000  21.5910000
   9.2430000  33.9920000  21.9690000   9.6360000  34.4020000  22.8770000
   9.2940000  32.4900000  22.0630000   8.5710000  32.1570000  22.7790000
   8.9620000  31.8770000  20.6930000   7.9500000  32.1890000  20.3830000
   9.6960000  32.2250000  19.9480000   9.0000000  30.7770000  20.7650000
  10.5880000  32.0760000  22.4820000  10.6140000  31.1160000  22.5400000
  10.1180000  34.4320000  20.8360000  11.2740000  34.8050000  21.0470000
   9.5990000  34.4640000  19.8030000   8.6180000  34.2020000  19.7900000
  10.3150000  34.6870000  18.5710000  11.1900000  34.0690000  18.5740000
   9.5140000  34.3520000  17.3340000   9.1100000  33.3630000  17.4560000
   8.3320000  35.3270000  17.2250000   7.6880000  35.2330000  18.1200000
   8.7170000  36.3620000  17.1540000   7.7440000  35.0850000  16.3200000
  10.4380000  34.3350000  16.0930000  10.7130000  35.3500000  15.8560000
  11.3230000  33.7760000  16.3300000   9.7800000  33.7010000  14.8580000
   9.5020000  32.6540000  15.0810000   8.8740000  34.2690000  14.5950000
  10.4920000  33.7200000  14.0090000  10.7620000  36.1230000  18.4920000
  11.9150000  36.4080000  18.1420000   9.8210000  37.1570000  18.9980000
   8.9240000  36.8570000  19.3640000  10.1650000  38.5530000  19.0030000
  10.4260000  38.8320000  17.9970000   9.0280000  39.4890000  19.4920000
   9.3480000  40.5050000  19.3590000   8.1520000  39.3050000  18.8830000
   8.6370000  39.3100000  20.9680000   8.1490000  38.3620000  21.1000000
   9.5190000  39.3530000  21.5950000   7.6760000  40.4480000  21.3330000
   6.9140000  40.9000000  20.4230000   7.6960000  40.8880000  22.5250000
  11.3610000  38.7820000  19.8880000  12.2340000  39.5880000  19.5660000
  11.3700000  38.1970000  20.9370000  10.6490000  37.5150000  21.1280000
  12.4210000  38.4220000  21.8960000  12.4420000  39.4640000  22.1530000
  12.2530000  37.5930000  23.1850000  12.0800000  36.5620000  22.9340000
  13.1400000  37.6700000  23.7910000  11.0540000  38.1570000  23.9460000
  10.7460000  39.3480000  23.8620000  10.3570000  37.2810000  24.7170000
   9.5540000  37.6000000  25.2450000  10.6420000  36.3100000  24.7620000
  13.7350000  38.0370000  21.2840000  14.7230000  38.7570000  21.4300000
  13.7270000  36.8830000  20.5540000  12.8640000  36.3410000  20.5190000
  14.9360000  36.3420000  19.9830000  15.6970000  36.3180000  20.7420000
  14.7360000  34.9520000  19.4230000  13.9600000  34.9820000  18.6770000
  16.0510000  34.5040000  18.7370000  16.3060000  35.2020000  17.9170000
  16.8690000  34.5050000  19.4830000  15.9190000  33.4840000  18.3210000
  14.2660000  34.0270000  20.5720000  15.0370000  34.0170000  21.3670000
  13.3120000  34.4020000  20.9940000  14.1140000  33.0020000  20.1770000
  15.4020000  37.2200000  18.8600000  16.5820000  37.5950000  18.7830000
  14.4650000  37.6660000  17.8450000  13.4630000  37.4730000  18.1490000
  14.7370000  38.4420000  16.6420000  15.3860000  37.8640000  15.9300000
  13.3880000  38.8340000  15.8760000  13.6900000  39.3700000  14.9660000
  12.8290000  37.9240000  15.5620000  12.3920000  39.7260000  16.7590000
  11.8900000  39.1170000  17.5240000  13.0020000  40.5150000  17.2770000
  11.2470000  40.3780000  15.9020000  11.7420000  41.0870000  15.2290000
  10.7250000  39.6000000  15.2800000  10.1380000  41.1250000  16.7940000
   9.3140000  41.4550000  16.1310000   9.7050000  40.4540000  17.5430000
  10.7850000  42.3140000  17.5390000  11.5640000  42.0060000  18.1680000
  11.1940000  42.9510000  16.8340000  10.0410000  42.8010000  18.1270000
  15.5090000  39.7130000  17.0670000  16.5160000  40.1150000  16.3730000
  14.9700000  40.3500000  18.0300000  14.1770000  39.9790000  18.6440000
  15.6040000  41.6660000  18.3550000  15.5430000  42.2870000  17.4570000
  14.9040000  42.3850000  19.6330000  13.7850000  42.5180000  19.4160000
  14.9920000  41.7640000  20.5670000  15.4330000  43.3890000  19.8320000
  17.1140000  41.5100000  18.7010000  18.0390000  42.2880000  18.2330000
  17.0450000  40.3410000  19.6930000  16.2420000  39.7010000  19.8770000
  18.2820000  40.1480000  20.3970000  18.5400000  41.0770000  20.9390000
  18.1520000  38.9660000  21.4170000  17.7920000  38.0620000  20.8840000
  19.1410000  38.7820000  21.8080000  17.1740000  39.2610000  22.6230000
  17.6750000  39.9500000  23.3230000  16.2900000  39.7430000  22.2430000
  16.7090000  37.9740000  23.3980000  16.3070000  38.2880000  24.3830000
  15.9210000  37.4630000  22.8310000  17.8440000  36.9510000  23.6100000
  18.7580000  37.5020000  23.8790000  17.5440000  36.2700000  24.4200000
  18.1010000  36.1390000  22.3410000  17.2400000  35.6150000  22.0860000
  18.3870000  36.7800000  21.5740000  18.8540000  35.4650000  22.4920000
  19.4200000  39.8050000  19.4100000  20.5220000  40.4180000  19.4890000
  19.1090000  39.2750000  18.1790000  18.1900000  38.7990000  18.0840000
  20.2440000  38.9480000  17.2930000  21.1670000  39.2160000  17.8080000
  20.2540000  37.4560000  16.8910000  21.1370000  37.2880000  16.2550000
  20.3750000  36.6180000  18.2080000  21.3250000  36.9180000  18.7270000
  19.5010000  36.8190000  18.9040000  20.3840000  35.5190000  17.9370000
  18.9890000  37.0660000  16.0480000  18.1120000  37.0830000  16.7250000
  18.8890000  37.8130000  15.2610000  19.0480000  35.6500000  15.3600000
  19.9370000  35.6160000  14.6520000  19.1390000  34.8670000  16.1530000
  18.1130000  35.4450000  14.7790000  20.1980000  39.7290000  15.9830000
  20.7820000  39.3030000  14.9350000  19.5650000  40.4610000  15.4980000
  19.0910000  41.1640000  16.3660000  19.9170000  41.1130000  14.0540000
  19.3400000  42.1890000  14.0990000  21.5860000  41.5430000  13.5850000
  22.1880000  40.5010000  13.6500000  21.7770000  41.9000000  12.4580000
  22.1710000  42.8960000  14.5610000  21.8550000  42.6420000  15.7140000
  23.3590000  43.0270000  14.2860000  21.4880000  44.4210000  14.2590000
  20.4890000  45.0070000  15.1720000  22.0350000  45.0780000  12.9370000
  21.6220000  46.0890000  12.6750000  22.8540000  44.5540000  12.2180000
  19.4270000  40.0090000  12.8570000  20.3110000  39.7010000  11.7110000
  17.7650000  40.2260000  12.8960000  17.3240000  40.1080000  13.9240000
  16.9970000  39.6420000  11.5910000  17.7000000  39.8710000  10.6490000
  16.6350000  38.0420000  11.4750000  16.1000000  37.7070000  10.4500000
  17.6570000  37.5230000  11.5090000  15.5910000  37.6780000  12.7600000
  15.6420000  38.5120000  13.9190000  14.7410000  36.5730000  12.6100000
  15.5760000  40.3750000  11.5180000  14.5950000  40.3530000  12.5130000
  15.6000000  40.4660000  10.0420000  16.6550000  39.2640000   8.7360000
  14.7990000  42.2830000  10.0290000  15.1940000  44.0000000  11.2660000
  16.3840000  42.5240000   8.1410000  16.1820000  40.7720000   6.8680000
  15.6320000  43.8000000   8.1440000  19.2880000  43.4250000   8.0200000
  19.5200000  45.3420000   9.0490000  19.8770000  42.4610000   8.4420000
  21.0940000  43.0540000   5.9660000  20.8790000  41.1380000   4.9300000
  20.5220000  44.0190000   5.5350000  23.9770000  43.9780000   5.9100000
  25.1240000  43.7840000   4.4620000  24.2010000  45.8680000   7.0020000
  24.8840000  42.5460000   6.3420000  23.8040000  42.7280000   7.7080000
  24.6750000  40.7610000   5.3100000  26.7940000  43.1700000   6.3010000
  11.9350000  41.8510000  10.2400000  10.6900000  43.5710000  11.3480000
  11.0750000  40.9790000   8.2760000  12.2060000  41.0800000   6.7290000
   8.8720000  40.3730000   8.2550000   7.4580000  40.8690000   9.4650000
   7.7580000  40.5400000   5.6030000   9.2120000  40.1030000   4.3560000
   6.2460000  39.9760000   5.7260000   6.7290000  42.0710000   4.4960000
   5.2560000  42.5240000   5.7110000   8.2180000  42.6490000   4.3310000
   5.6710000  42.1150000   1.8880000   3.4800000  41.8740000   1.7740000
   7.0320000  42.3910000  -0.0240000   9.5410000  38.8430000   9.2740000
  10.2150000  37.9550000   7.8720000   9.0080000  38.8600000  10.1890000
   8.2840000  39.6190000  10.5330000   9.0400000  37.5360000  11.1590000
  10.2620000  37.2120000  11.3840000   8.4320000  37.6510000  12.2360000
   8.2510000  36.4380000  10.4220000   8.7070000  35.2110000  10.7050000
   5.9920000  35.8430000  10.2980000   5.1560000  37.0320000  10.0790000
   5.4240000  34.5520000   9.7310000   5.2530000  33.3570000  10.8470000
   3.3550000  35.0520000   9.0540000   2.2800000  35.0650000  10.1070000
   3.2220000  36.9790000   7.7270000   3.4430000  37.9180000   8.3120000
   4.4060000  37.0910000   6.6590000   1.7210000  37.3110000   7.2570000
   2.7370000  33.6250000   8.4940000   2.9710000  32.3380000   9.4960000
   1.1550000  33.9150000   8.3210000   3.8930000  33.5220000   6.8550000
   3.6580000  34.8220000   5.8000000   5.5220000  33.2040000   7.0050000
   3.3310000  32.4660000   6.5780000   7.0840000  34.0450000   8.5680000
   7.3150000  32.4610000   8.7270000   8.4120000  34.5730000   7.7230000
   8.2370000  36.2580000   7.0000000   7.8410000  37.0140000   7.7360000
   7.3390000  36.3720000   6.1610000  10.0230000  36.7150000   6.3920000
  10.7610000  37.1860000   7.1460000   9.9610000  37.6000000   5.4190000
  10.7810000  35.0960000   6.1200000  12.1190000  35.0340000   6.3090000
  10.5650000  34.9650000   5.0460000   9.8470000  33.7760000   7.1810000
   9.3540000  32.9380000   6.5840000  10.9970000  32.8170000   8.2820000
  11.7660000  31.6450000   7.9640000  11.3980000  33.2320000   9.0870000
  11.6990000  34.7620000   9.1200000  10.6990000  35.3910000   8.8980000
  12.5580000  35.1220000   8.3760000  12.2300000  34.8790000  10.6150000
  11.2960000  35.0220000  11.2960000  12.9990000  35.7600000  10.6410000
  13.0170000  33.4240000  11.0280000  12.8540000  33.0820000  12.1210000
  14.1970000  33.5050000  10.8010000  12.2700000  32.3660000  10.1360000
  13.1570000  31.8860000   9.5900000  11.4940000  31.1520000  11.0110000
  10.1140000  31.1160000  11.0790000  12.5790000  30.7730000  11.5560000
  13.5800000  30.6210000  11.6860000  11.6590000  29.8850000  12.2300000
  10.7740000  30.4280000  12.5180000  11.2610000  28.6510000  11.3780000
  10.9600000  28.9810000  10.3950000  12.1090000  27.9820000  11.3020000
  10.0900000  27.9110000  12.0420000   9.4300000  28.5200000  12.9280000
   9.8420000  26.7220000  11.6660000  12.3750000  29.3500000  13.4480000
  13.6120000  29.4340000  13.5560000  11.7830000  29.2610000  14.4150000
  10.7960000  29.4320000  14.2910000  12.2310000  28.5050000  15.5500000
  13.2960000  28.5580000  15.6220000  11.6000000  28.9520000  16.8760000
  12.0380000  28.3790000  17.6710000  11.8170000  29.9920000  17.0230000
  10.0830000  28.7620000  16.9210000   9.8310000  27.7660000  16.6130000
   9.7240000  28.9310000  17.9180000   9.4590000  29.7720000  15.9690000
   8.4190000  29.5130000  15.3680000  10.1080000  30.9600000  15.8310000
   9.7390000  31.6680000  15.2140000  10.9600000  31.1330000  16.3460000
  11.8100000  27.0910000  15.3070000  10.6350000  26.8140000  15.0560000
  12.9460000  26.1100000  15.2270000  13.8690000  26.3920000  15.5410000
  12.6550000  24.7380000  14.9270000  11.6250000  24.6600000  14.6300000
  13.5380000  24.1510000  13.8050000  13.4200000  24.7560000  12.9250000
  14.5660000  24.1850000  14.1270000  13.1870000  22.7050000  13.4440000
  13.3310000  22.0740000  14.3020000  12.1610000  22.6450000  13.1230000
  14.1110000  22.2630000  12.3120000  14.1320000  21.0870000  11.9390000
  14.9000000  23.2240000  11.7530000  15.5340000  22.9850000  10.9980000
  14.8500000  24.1760000  12.0930000  12.8620000  23.9120000  16.1560000
  13.7550000  24.1790000  16.9660000  11.9940000  23.1160000  16.3580000
  11.2560000  23.0420000  15.6630000  12.0260000  22.1770000  17.4480000
  13.0480000  21.9770000  17.7140000  11.2540000  22.6370000  18.7030000
  11.3010000  21.8630000  19.4500000  11.7220000  23.5290000  19.0860000
   9.7830000  22.9340000  18.3970000   9.7470000  23.7040000  17.6440000
   9.3260000  22.0380000  18.0120000   8.9640000  23.3990000  19.6080000
   8.7850000  22.5810000  20.2870000   9.4830000  24.1870000  20.1300000
   7.6750000  23.8960000  19.0440000   7.5350000  24.8880000  18.9090000
   6.6800000  23.0140000  18.7100000   6.8100000  21.6900000  19.0200000
   7.6390000  21.3650000  19.5070000   6.0780000  21.0350000  18.7630000
   5.5690000  23.4560000  18.0400000   5.4800000  24.4350000  17.8030000
   4.8330000  22.8040000  17.7820000  11.3800000  20.9250000  16.9550000
  10.7200000  20.9080000  15.9080000  11.7030000  19.8290000  17.6850000
  12.2460000  19.8790000  18.5470000  11.1200000  18.5960000  17.2470000
  10.9470000  18.6370000  16.1810000  11.9800000  17.3630000  17.5780000
  12.1950000  17.3670000  18.6400000  11.4110000  16.4820000  17.3280000
  13.3240000  17.3280000  16.8000000  13.0850000  17.4160000  15.7510000
  14.2250000  18.5290000  17.1660000  13.6990000  19.4640000  16.9130000
  14.4470000  18.5110000  18.2550000  15.1750000  18.4720000  16.5930000
  14.0380000  15.9790000  16.9860000  14.2480000  15.8170000  18.0650000
  13.3850000  15.1680000  16.6070000  14.9940000  15.9840000  16.4190000
   9.8050000  18.4460000  17.9600000   9.6370000  18.8760000  19.1110000
   8.7700000  17.9420000  17.2460000   8.9620000  17.6740000  16.2800000
   7.4640000  17.6620000  17.7990000   7.3790000  18.1060000  18.7810000
   6.3400000  18.1530000  16.9000000   6.5600000  17.8420000  15.8880000
   4.9770000  17.5230000  17.3030000   5.0340000  16.4250000  17.2110000
   4.7400000  17.7940000  18.3560000   4.1820000  17.9000000  16.6300000
   6.3360000  19.6940000  16.9230000   6.0830000  20.0150000  17.9270000
   7.3310000  20.0450000  16.6720000   5.3400000  20.3260000  15.9410000
   5.5900000  20.0190000  14.9010000   4.3100000  19.9880000  16.1890000
   5.4040000  21.4250000  16.0240000   7.4300000  16.1750000  17.9170000
   8.3050000  15.5230000  17.3340000   6.4920000  15.6540000  18.6640000
   5.8100000  16.2490000  19.1210000   6.4340000  14.2320000  18.8590000
   7.3170000  13.9060000  19.3860000   5.1570000  13.7330000  19.6020000
   4.2900000  14.2400000  19.2060000   5.0420000  12.6750000  19.4480000
   5.2760000  14.0120000  21.0770000   5.0190000  15.2630000  21.5900000
   4.7270000  16.0670000  20.9170000   5.1330000  15.4940000  22.9570000
   4.9380000  16.4860000  23.3530000   5.4920000  14.4830000  23.8240000
   5.5720000  14.6720000  24.9000000   5.7460000  13.2310000  23.3190000
   6.0360000  12.4260000  23.9930000   5.6310000  13.0030000  21.9530000
   5.8240000  12.0100000  21.5580000   6.3810000  13.6030000  17.4920000
   7.2030000  12.7430000  17.1730000   5.5120000  13.9900000  16.5740000
   4.8150000  14.6600000  16.8830000   5.4830000  13.4950000  15.2060000
   5.4680000  12.4230000  15.2110000   4.2680000  14.0110000  14.3930000
   3.3190000  13.6910000  14.8930000   4.3130000  15.1130000  14.3500000
   4.3010000  13.5980000  13.3560000   6.7420000  13.9900000  14.5170000
   7.4000000  13.2590000  13.7590000   7.0530000  15.2030000  14.8280000
   6.5050000  15.7440000  15.4940000   8.2040000  15.8230000  14.1980000
   8.8430000  16.2760000  14.9520000   8.7700000  15.0940000  13.6400000
   7.6710000  16.8700000  13.2600000   7.1420000  16.5600000  12.1770000
   7.7280000  18.1430000  13.7610000   8.1760000  18.3210000  14.6660000
   7.2560000  19.2590000  12.9770000   7.5360000  19.1160000  11.9370000
   5.7150000  19.4590000  13.0640000   5.4320000  19.5300000  14.1140000
   5.4700000  20.3750000  12.5550000   4.9050000  18.3100000  12.4100000
   4.9940000  18.3990000  11.3280000   5.3380000  17.3800000  12.7300000
   3.3990000  18.2860000  12.7780000   3.3050000  18.1970000  13.8600000
   2.9610000  19.2110000  12.4530000   2.6140000  17.1240000  12.1140000
   2.6260000  17.2480000  11.0320000   3.0860000  16.1950000  12.3730000
   1.1940000  17.1000000  12.5980000   1.1780000  16.9800000  13.6200000
   0.7450000  17.9750000  12.3520000   0.6860000  16.3270000  12.1500000
   7.9570000  20.4980000  13.5130000   8.8570000  20.4000000  14.3700000
   7.2840000  21.5470000  13.2970000   6.4370000  21.4710000  12.7440000
   7.9460000  22.8340000  13.3790000   8.8730000  22.7040000  13.9060000
   8.2480000  23.4180000  11.9850000   7.3220000  23.5340000  11.4440000
   8.7110000  24.3800000  12.1100000   9.1840000  22.5120000  11.1710000
  10.1460000  22.4520000  11.6540000   8.7660000  21.5240000  11.0910000
   9.3290000  23.1220000   9.7840000   9.9860000  22.5580000   8.9030000
   8.6850000  24.3120000   9.5800000   8.7400000  24.7690000   8.6760000
   8.1530000  24.7380000  10.3320000   7.0950000  23.8390000  14.1420000
   5.9530000  23.5430000  14.4870000   7.5960000  24.9500000  14.7340000
   8.5140000  25.1970000  14.3830000   6.9370000  25.8220000  15.6870000
   6.1440000  25.2720000  16.1590000   7.8960000  26.3320000  16.7860000
   8.3520000  25.4850000  17.2660000   8.6580000  26.9350000  16.3220000
   7.1920000  27.1770000  17.8660000   6.6460000  27.9450000  17.3540000
   6.1620000  26.3260000  18.6360000   5.4030000  25.9400000  17.9330000
   6.6760000  25.4820000  19.1270000   5.6700000  26.9470000  19.4030000
   8.2050000  27.8780000  18.7970000   8.8260000  27.1220000  19.3060000
   8.8530000  28.5450000  18.2010000   7.6600000  28.4690000  19.5520000
   6.3450000  27.0240000  15.0140000   7.0340000  27.7800000  14.3220000
   5.0760000  27.3950000  15.2200000   4.4820000  26.7640000  15.7620000
   4.5270000  28.5730000  14.6060000   5.3090000  29.0550000  14.0300000
   3.3230000  28.3000000  13.6570000   2.5990000  27.6810000  14.1790000
   2.8680000  29.2380000  13.3900000   3.7490000  27.5870000  12.3610000
   4.4760000  28.1950000  11.8290000   4.1880000  26.6370000  12.6130000
   2.5090000  27.3680000  11.4730000   1.3780000  27.7210000  11.9200000
   2.6810000  26.8450000  10.3290000   4.1010000  29.5100000  15.6940000
   3.7540000  29.0970000  16.8180000   4.0400000  30.9160000  15.4360000
   4.3070000  31.2070000  14.4990000   3.6780000  31.9290000  16.3940000
   4.1390000  31.7410000  17.3500000   4.0180000  33.3530000  15.8940000
   3.5430000  33.5280000  14.9390000   3.6750000  34.0790000  16.6100000
   5.5370000  33.4610000  15.7430000   6.2420000  32.5510000  16.2600000
   6.0080000  34.4590000  15.1150000   2.1860000  31.8340000  16.4980000
   1.6150000  30.8280000  16.0870000   1.6820000  32.9400000  17.0920000
   2.2010000  33.6140000  17.6550000   0.2400000  33.0360000  16.9830000
  -0.0450000  34.0510000  17.1880000  -0.0570000  32.7770000  15.9730000
  -0.4800000  32.1200000  17.9510000  -1.6330000  32.3750000  18.3100000
   0.2620000  31.0410000  18.4080000   1.2240000  30.8680000  18.1300000
  -0.4300000  30.1200000  19.3020000  -1.3700000  30.5350000  19.6120000
  -0.6640000  28.7100000  18.7030000   0.2960000  28.3050000  18.4310000
  -1.1260000  28.0820000  19.4630000  -1.5730000  28.7120000  17.4430000
  -1.0060000  29.1190000  16.6070000  -1.8680000  27.6930000  17.2240000
  -2.8490000  29.5410000  17.6130000  -2.5830000  30.5520000  17.8960000
  -3.4100000  29.5550000  16.6790000  -3.6730000  28.8940000  18.7020000
  -3.5020000  29.1320000  19.6840000  -4.6610000  27.9780000  18.3760000
  -4.9100000  27.6740000  17.0470000  -4.3610000  28.1240000  16.3070000
  -5.6420000  26.9980000  16.8050000  -5.4040000  27.3730000  19.3780000
  -5.2210000  27.6020000  20.3600000  -6.1370000  26.6980000  19.1380000
   0.4830000  29.9820000  20.4890000   1.6100000  30.4950000  20.4320000
   0.1150000  29.3920000  21.5770000  -0.8220000  28.9990000  21.6370000
   1.0240000  29.2980000  22.7020000   1.5990000  30.2080000  22.7620000
   0.3390000  29.0640000  24.0330000  -0.4330000  29.7950000  24.1580000
  -0.3030000  27.6560000  24.0420000  -1.0460000  27.5790000  23.2200000
   0.4840000  26.8980000  23.8970000  -0.8060000  27.4800000  25.0160000
   1.2850000  29.1930000  25.1020000   0.8390000  29.0420000  25.9470000
   1.9620000  28.1590000  22.4570000   1.6280000  27.2080000  21.7380000
   3.1960000  28.2500000  23.0650000   3.4130000  29.0630000  23.6310000
   4.2010000  27.2410000  22.8880000   4.3850000  27.1000000  21.8370000
   5.5260000  27.5880000  23.6050000   5.8960000  28.5190000  23.2100000
   5.3260000  27.6970000  24.6590000   6.6210000  26.5210000  23.4290000
   6.1760000  25.5770000  23.6860000   7.0730000  26.4220000  21.9580000
   6.2080000  26.1470000  21.3230000   7.4800000  27.3960000  21.6280000
   7.8550000  25.6520000  21.8670000   7.7950000  26.7480000  24.4080000
   8.2460000  27.7410000  24.2220000   7.4240000  26.6980000  25.4500000
   8.5580000  25.9690000  24.2550000   3.6920000  25.9610000  23.4890000
   3.8230000  24.8870000  22.9030000   3.0450000  26.0540000  24.5900000
   2.9180000  26.9690000  25.0020000   2.5290000  24.9030000  25.2950000
   3.3290000  24.2140000  25.4810000   1.8750000  25.2880000  26.6390000
   2.6170000  25.7450000  27.2820000   1.0780000  25.9850000  26.4530000
   1.3440000  24.1290000  27.2810000   0.9370000  24.3780000  28.1200000
   1.4630000  24.2310000  24.4630000   1.2840000  23.0110000  24.5330000
   0.6540000  24.9640000  23.6320000   0.8700000  25.9570000  23.6100000
  -0.4170000  24.4530000  22.7900000  -1.1490000  23.9430000  23.4060000
  -1.1080000  25.5720000  21.9770000  -1.4490000  26.3340000  22.6570000
  -0.4020000  26.0050000  21.2740000  -2.3100000  24.9900000  21.2040000
  -2.6490000  23.7830000  21.4110000  -2.9020000  25.7490000  20.3780000
   0.1490000  23.4940000  21.7870000  -0.4760000  22.4620000  21.4910000
   1.3310000  23.7200000  21.3060000   1.8140000  24.5660000  21.5970000
   1.9340000  22.9000000  20.2900000   1.1900000  22.6450000  19.5510000
   3.1360000  23.5710000  19.5810000   3.8430000  23.9240000  20.3200000
   3.6150000  22.8600000  18.9330000   2.6400000  24.7240000  18.7660000
   2.4220000  25.9530000  19.3510000   2.6090000  26.0880000  20.4190000
   1.9680000  27.0120000  18.5890000   1.7960000  27.9760000  19.0580000
   1.7320000  26.8490000  17.2320000   1.2680000  27.9360000  16.4500000
   1.1560000  27.6540000  15.5310000   1.9490000  25.6250000  16.6420000
   1.7630000  25.4920000  15.5730000   2.4030000  24.5700000  17.4080000
   2.5760000  23.6060000  16.9370000   2.4370000  21.6420000  20.9300000
   2.8990000  21.6470000  22.0810000   2.4010000  20.4670000  20.0980000
   2.0550000  20.4690000  19.1350000   2.8510000  19.2590000  20.7250000
   2.5310000  19.2510000  21.7600000   2.3320000  17.9700000  20.0290000
   1.2880000  18.0700000  19.7620000   2.9130000  17.7750000  19.1350000
   2.5000000  16.8340000  21.0450000   3.0100000  17.0540000  22.1610000
   2.0710000  15.5920000  20.6570000   2.1630000  14.8070000  21.2950000
   1.6600000  15.4560000  19.7310000   4.3590000  19.2530000  20.6800000
   4.9740000  18.5560000  19.8640000   5.0300000  20.0550000  21.6300000
   4.5040000  20.6470000  22.2610000   6.4670000  20.0660000  21.6910000
   6.8810000  20.1190000  20.6960000   7.0520000  21.1590000  22.5570000
   8.1250000  21.0970000  22.5040000   6.6280000  22.5140000  21.9570000
   7.0140000  22.6010000  20.9200000   5.5220000  22.5770000  21.9460000
   7.0450000  23.3310000  22.5760000   6.6320000  20.9690000  24.0410000
   6.9650000  20.0020000  24.3680000   7.1230000  21.7310000  24.6300000
   5.1160000  21.0570000  24.2910000   4.7540000  22.0490000  23.9750000
   4.5940000  20.2740000  23.7060000   4.9100000  20.9110000  25.3720000
   6.8160000  18.7670000  22.3340000   6.0460000  18.2720000  23.1730000
   7.9730000  18.1470000  21.9140000   8.5680000  18.5540000  21.1930000
   8.3250000  16.9040000  22.5440000   7.5490000  16.1790000  22.3550000
   9.6950000  16.3390000  22.0930000  10.4500000  17.1010000  22.2290000
   9.9290000  15.4940000  22.7170000   9.7210000  15.8910000  20.6160000
   8.9850000  15.1150000  20.4560000   9.5030000  16.7230000  19.9670000
  11.1260000  15.3630000  20.3170000  12.0450000  16.1260000  19.9860000
  11.3020000  14.0190000  20.4420000  12.2150000  13.6140000  20.2580000
  10.5200000  13.4280000  20.7190000   8.4040000  17.1770000  24.0220000
   9.2320000  17.9720000  24.4920000   7.5540000  16.5070000  24.7450000
   6.9360000  15.8150000  24.3250000   7.4970000  16.7710000  26.1640000
   7.3360000  17.8200000  26.3120000   6.3860000  15.9830000  26.9100000
   6.5470000  14.9330000  26.7550000   6.4550000  16.2050000  27.9680000
   4.9680000  16.3300000  26.4200000   4.8720000  16.0260000  25.3850000
   4.2490000  15.7880000  27.0250000   4.6540000  17.8250000  26.5140000
   5.4020000  18.3670000  25.9470000   3.6770000  17.9890000  26.0760000
   4.6460000  18.3700000  27.9580000   3.8660000  17.8760000  28.5260000
   5.6050000  18.1850000  28.4230000   4.3930000  19.8300000  27.9400000
   5.1300000  20.2990000  27.4040000   3.4860000  20.0070000  27.5020000
   4.3890000  20.1830000  28.9000000   8.8150000  16.4060000  26.7740000
   9.2580000  15.2620000  26.6870000   9.5070000  17.5150000  27.4210000
   9.1020000  18.4400000  27.4140000  10.7740000  17.3150000  28.0750000
  10.6680000  16.5860000  28.8600000  11.9070000  16.9000000  27.1090000
  12.8010000  16.7200000  27.6910000  11.6070000  15.9940000  26.6110000
  12.2330000  17.9530000  26.0360000  11.3570000  18.1410000  25.4300000
  12.5530000  18.8660000  26.5100000  13.3610000  17.4100000  25.1590000
  13.1700000  16.3130000  24.5640000  14.4320000  18.0910000  25.0730000
  11.1590000  18.6360000  28.6670000  10.5280000  19.6530000  28.3850000
  12.2480000  18.6840000  29.5090000  12.6920000  17.8180000  29.7870000
  12.7220000  19.9410000  30.0180000  12.3630000  20.7380000  29.3940000
  12.3180000  20.1980000  31.4860000  11.2420000  20.1950000  31.5650000
  12.7250000  19.4240000  32.1140000  12.8240000  21.4580000  31.9150000
  12.5670000  21.6090000  32.8320000  14.2160000  19.9010000  29.9690000
  14.8230000  18.9100000  30.3760000  14.9540000  21.0720000  29.4480000
  15.9680000  21.0710000  29.4090000  14.2570000  22.2190000  28.9440000
  13.4440000  22.4700000  29.5980000  15.1730000  23.4020000  28.7710000
  15.6130000  23.6530000  29.7190000  16.2900000  23.0200000  27.7780000
  16.8570000  22.1630000  28.1790000  15.8400000  22.7460000  26.8060000
  16.9730000  23.8770000  27.6380000  14.4540000  24.5200000  28.2700000
  15.0550000  25.2650000  28.1660000  13.7350000  21.8680000  27.5850000
  14.1530000  20.8800000  26.9830000  12.7440000  22.5940000  27.0850000
  12.3560000  23.3340000  27.6550000  12.2650000  22.3880000  25.7430000
  12.0800000  21.3460000  25.5660000  11.0100000  23.2160000  25.4030000
  11.2440000  24.2540000  25.5560000  10.7620000  23.0530000  24.3660000
   9.7730000  22.8560000  26.2640000  10.0180000  23.0950000  27.2840000
   8.5560000  23.7140000  25.8750000   8.7980000  24.7790000  26.0300000
   8.3070000  23.5430000  24.8100000   7.6900000  23.4340000  26.5060000
   9.4700000  21.3450000  26.2140000   9.2700000  21.0440000  25.1680000
  10.3400000  20.7870000  26.6010000   8.5830000  21.1220000  26.8380000
  13.3780000  22.8800000  24.8710000  14.0810000  23.8260000  25.2380000
  13.6130000  22.2620000  23.7200000  13.0220000  21.4930000  23.4290000
  14.7230000  22.7070000  22.9230000  15.2210000  23.5000000  23.4470000
  15.7540000  21.6060000  22.6290000  15.2340000  20.7400000  22.2590000
  16.4400000  21.9620000  21.8770000  16.5360000  21.2200000  23.8540000
  16.0970000  20.3250000  24.8120000  15.2180000  19.8190000  24.8100000
  17.0740000  20.2540000  25.7600000  17.0150000  19.6260000  26.6470000
  18.1060000  21.0390000  25.4790000  17.7640000  21.6460000  24.2790000
  18.3870000  22.3630000  23.7480000  14.2320000  23.2370000  21.6110000
  13.4870000  22.5700000  20.8870000  14.6250000  24.4720000  21.2440000
  15.1970000  24.9960000  21.8940000  14.2460000  25.0790000  19.9990000
  13.8540000  24.3290000  19.3420000  13.2210000  26.2170000  20.1460000
  13.6070000  26.9350000  20.8450000  13.0890000  26.6840000  19.1860000
  11.8430000  25.7320000  20.6490000  11.5390000  24.9300000  20.0060000
  11.9340000  25.1570000  22.0730000  12.6280000  24.3020000  22.0800000
  12.3040000  25.9350000  22.7610000  10.9350000  24.8230000  22.3990000
  10.7780000  26.8340000  20.5200000  11.0820000  27.7080000  21.1190000
  10.6800000  27.1280000  19.4620000   9.8090000  26.4530000  20.8870000
  15.4910000  25.6570000  19.4080000  16.3520000  26.1620000  20.1290000
  15.7340000  25.5300000  17.8900000  15.0190000  25.0720000  17.3410000
  16.8620000  26.1460000  17.2530000  17.5670000  26.4510000  17.9980000
  17.5470000  25.2540000  16.2530000  17.8460000  24.3520000  16.7470000
  16.5430000  24.8940000  15.1420000  15.6800000  24.3680000  15.5850000
  16.1990000  25.8170000  14.6480000  17.0320000  24.2390000  14.4010000
  18.8060000  25.9760000  15.7340000  18.5160000  26.9250000  15.2560000
  19.4820000  26.1850000  16.5790000  19.3220000  25.3350000  14.9990000
  16.3760000  27.3480000  16.5160000  15.3730000  27.2970000  15.8070000
  17.0980000  28.3880000  16.5420000  17.9420000  28.4760000  17.1000000
  16.6330000  29.4910000  15.7490000  15.5880000  29.3720000  15.5280000
  16.8860000  30.8620000  16.4150000  16.3770000  30.8640000  17.3630000
  17.9470000  30.9670000  16.5760000  16.4020000  32.0900000  15.6020000
  16.5240000  32.9430000  16.2370000  17.2630000  32.3490000  14.3500000
  18.3120000  32.5320000  14.6540000  17.2180000  31.4680000  13.6890000
  16.8770000  33.2320000  13.8080000  14.8930000  31.9780000  15.2850000
  14.7060000  31.0670000  14.6930000  14.3220000  31.9230000  16.2290000
  14.5730000  32.8640000  14.7060000  17.4320000  29.4090000  14.4930000
  18.6490000  29.6270000  14.4970000  16.6920000  29.6240000  13.2810000
  15.7010000  29.3500000  13.2110000  17.5360000  29.6490000  12.1090000
  18.4240000  30.2580000  12.2880000  17.9590000  28.2160000  11.6330000
  17.0520000  27.6300000  11.4540000  18.5270000  28.3140000  10.7180000
  18.8370000  27.4520000  12.6410000  19.7820000  27.9930000  12.7550000
  18.3050000  27.4300000  13.5820000  19.1590000  25.9840000  12.2230000
  19.7260000  25.4840000  12.9950000  18.2290000  25.4340000  12.0460000
  19.9870000  26.0450000  10.9700000  19.5280000  25.9530000  10.0720000
  21.3660000  26.2240000  11.0380000  21.9840000  26.3530000  12.2540000
  21.4200000  26.3160000  13.1020000  23.0040000  26.4850000  12.3040000
  22.1270000  26.2720000   9.8910000  21.6700000  26.1750000   8.9930000
  23.1480000  26.4040000   9.9410000  16.7230000  30.2550000  11.0080000
  15.4710000  30.3220000  11.0820000  17.0430000  31.0110000   9.6200000
  18.1190000  31.2110000   9.4990000  16.0260000  31.3210000   8.5340000
  15.0640000  31.7870000   8.9240000  16.6220000  32.3490000   7.4040000
  17.6170000  31.9020000   7.0550000  15.8290000  32.4190000   6.5910000
  16.9420000  33.8930000   7.8670000  17.3540000  34.5100000   7.0140000
  15.5360000  34.6420000   8.2800000  14.7650000  34.7190000   7.4130000
  15.0370000  34.0030000   9.1180000  15.8020000  35.7420000   8.6050000
  18.1460000  33.8870000   8.9730000  17.7960000  33.2050000   9.8510000
  19.1590000  33.4460000   8.5790000  18.3460000  35.0060000   9.2790000
  15.6310000  29.9130000   7.9370000  16.5280000  28.9310000   7.8760000
  14.5970000  30.4260000   7.4510000  13.6780000  31.1840000   7.6970000
  14.3460000  29.1270000   6.5150000  15.4800000  28.6410000   6.1510000
  13.2940000  27.7650000   7.1330000  13.0640000  26.9170000   6.3340000
  13.9590000  27.1910000   7.8650000  11.6760000  28.2750000   7.8340000
  11.2880000  27.3510000   8.5170000  11.8600000  29.3750000   8.3960000
  10.3320000  28.5570000   6.9090000  10.6000000  29.5870000   6.3050000
  10.1830000  27.5200000   6.2610000   8.8480000  28.8420000   7.8040000
   8.9250000  29.0890000   8.8000000   7.3860000  28.7710000   7.2840000
   7.2780000  28.4530000   5.9380000   8.2800000  28.2700000   5.3250000
   6.1950000  28.4010000   5.5530000   6.0330000  29.0190000   8.1140000
   6.1140000  29.2550000   9.1100000   4.9490000  28.9680000   7.7310000
  13.5830000  29.8580000   5.3700000  13.9370000  31.2320000   5.0300000
  12.0260000  29.1330000   4.6110000  11.6320000  27.8950000   4.3240000
  11.7360000  30.3640000   3.7590000  10.5210000  30.6370000   4.1940000
  12.5700000  31.4970000   3.9320000  11.9710000  29.6620000   2.0140000
  12.1740000  28.1850000   1.5350000  19.0840000  34.0130000  -0.5210000
  20.3730000  35.0260000   1.2150000  20.8980000  34.8340000  -4.1810000
  23.9640000  35.6120000  -3.4000000  19.3690000  33.5110000  -5.4230000
  20.5630000  36.5080000  -7.4020000  18.8530000  36.2090000 -10.9690000
  22.0350000  38.1120000  -6.3310000
