
  1231
   9.4720000  27.4670000  31.3820000   9.9030000  28.3010000  31.7730000
   9.2890000  27.6050000  30.3880000   8.5940000  27.2830000  31.8660000
  10.3940000  26.3160000  31.5550000  10.5880000  26.1640000  32.6040000
   9.7730000  25.0420000  30.9420000  10.3520000  24.1950000  31.2680000
   8.7580000  24.9510000  31.3000000   9.7490000  25.0520000  29.4020000
  10.7600000  25.2020000  29.0540000   9.3930000  24.0960000  29.0610000
   8.6870000  26.3370000  28.6570000   7.1210000  25.4440000  28.9270000
   7.1560000  24.4780000  28.3920000   6.9820000  25.2690000  30.0110000
   6.2740000  26.0450000  28.5410000  11.6790000  26.5960000  30.8410000
  11.8340000  27.6420000  30.2090000  12.5840000  25.5990000  30.9670000
  12.4610000  24.7410000  31.4890000  13.8120000  25.8880000  30.2890000
  14.0730000  26.9120000  30.4570000  14.9900000  24.9790000  30.7170000
  15.1420000  25.0980000  31.7800000  14.7260000  23.9610000  30.5020000
  16.3130000  25.2880000  30.0020000  16.2090000  25.1140000  28.9410000
  16.5860000  26.3120000  30.1740000  17.3850000  24.3600000  30.5800000
  18.5550000  24.4050000  30.1860000  16.9770000  23.4980000  31.5540000
  17.6440000  22.8600000  31.9770000  16.0070000  23.4950000  31.8530000
  13.5330000  25.6740000  28.8330000  13.0530000  24.6150000  28.4240000
  13.7520000  26.7040000  27.9780000  14.1260000  27.5720000  28.3380000
  13.5190000  26.5450000  26.5700000  13.2450000  25.5310000  26.3600000
  12.4610000  27.4810000  26.0160000  11.6740000  27.5640000  26.7430000
  13.1010000  28.8700000  25.8480000  13.4570000  29.2330000  26.8300000
  13.9550000  28.8000000  25.1490000  12.3490000  29.5730000  25.4440000
  11.8430000  26.9530000  24.6960000  11.4770000  25.9600000  24.8770000
  11.0190000  27.5950000  24.4310000  12.8030000  26.8920000  23.5010000
  13.1830000  27.9030000  23.2840000  13.6520000  26.2260000  23.7410000
  12.2670000  26.5030000  22.6150000  14.8170000  26.8580000  25.9090000
  15.5530000  27.7390000  26.3540000  15.0910000  26.0640000  24.9120000
  14.5320000  25.2880000  24.5870000  16.3250000  26.3780000  24.2650000
  16.8560000  27.1340000  24.8040000  17.2030000  25.1190000  24.0730000
  17.3320000  24.6330000  25.0240000  16.7120000  24.4500000  23.3930000
  18.5450000  25.4750000  23.5210000  18.7510000  25.5820000  22.1650000
  17.9290000  25.4120000  21.4770000  19.9970000  25.9060000  21.6770000
  20.1510000  25.9890000  20.6050000  21.0510000  26.1260000  22.5330000
  22.0290000  26.3820000  22.1390000  20.8540000  26.0170000  23.8880000
  21.6770000  26.1860000  24.5750000  19.6080000  25.6910000  24.3690000
  19.4590000  25.6030000  25.4410000  15.9510000  26.8590000  22.8970000
  15.4550000  26.0850000  22.0790000  16.1180000  28.2210000  22.6180000
  16.4240000  28.8610000  23.3380000  15.8940000  28.7020000  21.2860000
  15.3170000  27.9980000  20.7240000  15.2640000  30.0640000  21.2270000
  15.8760000  30.7480000  21.7780000  15.2210000  30.5160000  19.7540000
  16.2460000  30.5560000  19.3510000  14.6230000  29.8000000  19.1680000
  14.7610000  31.5150000  19.6900000  13.8780000  29.9950000  21.8930000
  13.2480000  29.2680000  21.3560000  13.9910000  29.6780000  22.9440000
  13.4020000  30.9880000  21.8570000  17.2650000  28.8130000  20.7320000
  18.0430000  29.6710000  21.1500000  17.5880000  27.9490000  19.8480000
  16.9260000  27.3160000  19.4190000  18.9670000  27.9090000  19.4930000
  19.5470000  28.2670000  20.3190000  19.4610000  26.5000000  19.1180000
  19.2870000  25.8430000  19.9490000  18.9030000  26.1570000  18.2670000
  20.9520000  26.4610000  18.7720000  21.0930000  26.9600000  17.8320000
  21.4920000  26.9850000  19.5390000  21.5250000  25.0460000  18.6590000
  22.5670000  25.0780000  18.9210000  21.0030000  24.4100000  19.3470000
  21.3940000  24.4500000  17.2560000  21.7270000  23.4290000  17.2680000
  20.3660000  24.4890000  16.9460000  22.2240000  25.2280000  16.3060000
  21.9090000  26.1930000  16.2930000  23.1950000  25.1920000  16.5990000
  22.1350000  24.8310000  15.3770000  19.2430000  28.7620000  18.3140000
  19.0500000  28.3590000  17.1660000  19.7190000  30.1440000  18.6610000
  19.6450000  30.4790000  19.6110000  20.3090000  30.9780000  17.6760000
  20.0890000  30.6500000  16.6810000  20.0460000  32.4470000  17.8630000
  20.5320000  32.9920000  17.0790000  18.5300000  32.7060000  17.7900000
  18.1500000  32.3870000  16.8060000  18.0220000  32.1350000  18.5830000
  18.3350000  33.7810000  17.9270000  20.5610000  32.8790000  19.1150000
  20.3880000  33.8180000  19.2250000  21.7190000  30.7270000  18.0520000
  21.9830000  29.7890000  18.8050000  22.6960000  31.4750000  17.6050000
  22.5520000  32.2320000  16.9510000  23.9740000  31.1180000  18.1330000
  24.1310000  30.0700000  17.9790000  25.1300000  31.8950000  17.4790000
  24.9510000  32.9460000  17.6060000  26.0440000  31.6250000  17.9720000
  25.2810000  31.6020000  15.9730000  25.3270000  30.5380000  15.8660000
  24.0450000  32.0790000  15.1890000  23.1500000  31.5560000  15.5610000
  23.9200000  33.1650000  15.3250000  24.1820000  31.8570000  14.1190000
  26.6000000  32.1660000  15.4190000  26.6240000  33.2570000  15.5660000
  27.4480000  31.7050000  15.9500000  26.6730000  31.9390000  14.3450000
  24.0120000  31.4040000  19.6190000  24.4320000  30.5570000  20.4060000
  23.5520000  32.7670000  19.8560000  23.0460000  33.3350000  19.1880000
  23.7330000  33.2900000  21.1950000  24.7780000  33.1870000  21.4110000
  23.4390000  34.7620000  21.2680000  23.9960000  35.2710000  20.5060000
  21.9330000  34.9880000  21.0290000  21.6570000  34.6060000  20.0340000
  21.3530000  34.4540000  21.8010000  21.7100000  36.0660000  21.0810000
  23.8230000  35.2680000  22.5380000  23.6320000  36.2100000  22.5780000
  23.0010000  32.6370000  22.3560000  23.6640000  32.2060000  23.3020000
  21.7270000  32.3500000  22.3170000  21.1450000  32.6100000  21.5300000
  21.1730000  31.8100000  23.5530000  21.4990000  30.7900000  23.6600000
  21.5430000  32.3900000  24.3760000  19.6520000  31.8420000  23.5830000
  19.0150000  32.0350000  22.5470000  19.1940000  31.5190000  24.7240000
  19.7920000  31.4030000  25.5340000  17.7440000  31.4940000  24.9080000
  17.3120000  32.3570000  24.4390000  17.1500000  30.2330000  24.2790000
  16.1560000  30.0890000  24.6660000  17.1040000  30.3650000  23.2100000
  17.9970000  28.9790000  24.5920000  17.5590000  28.1440000  24.0780000
  18.9950000  29.1410000  24.2230000  18.0880000  28.6310000  26.0890000
  18.3560000  29.5220000  26.6240000  17.1170000  28.3010000  26.4140000
  19.1070000  27.5420000  26.4420000  18.8510000  26.6360000  25.9260000
  20.0890000  27.8570000  26.1380000  19.1010000  27.2940000  27.9060000
  19.3450000  28.1490000  28.3960000  18.1740000  26.9940000  28.1950000
  19.7800000  26.5710000  28.1300000  17.3090000  31.4470000  26.3800000
  18.1480000  31.2640000  27.2660000  16.0750000  31.7060000  26.5540000
  15.4760000  32.0190000  25.7960000  15.4490000  31.5470000  27.8750000
  15.5050000  30.5180000  28.1650000  16.0910000  32.3880000  28.9470000
  17.1540000  32.2240000  28.9360000  15.7970000  33.8670000  28.6430000
  16.2160000  34.1280000  27.6540000  14.7030000  34.0350000  28.6370000
  16.2630000  34.4970000  29.4220000  15.5750000  32.0380000  30.2300000
  15.9920000  32.5820000  30.9070000  13.9730000  31.9670000  27.7930000
  13.6710000  32.9570000  27.1260000  13.1020000  31.2680000  28.3130000
  13.3460000  30.4540000  28.8630000  11.7090000  31.7250000  28.2290000
  11.7090000  32.7930000  28.1690000  10.9210000  31.1890000  27.0580000
   9.9610000  31.6770000  27.0530000  11.6580000  31.5720000  25.7570000
  11.7320000  32.6690000  25.6890000  12.6760000  31.1340000  25.7640000
  11.0960000  31.1880000  24.8840000  10.6780000  29.6810000  27.2180000
  11.6100000  29.1660000  27.0400000  10.3510000  29.4950000  28.2300000
   9.6200000  29.1270000  26.2520000   8.6520000  29.6370000  26.4280000
   9.9440000  29.2990000  25.2070000   9.5000000  28.0460000  26.4240000
  10.8910000  31.3230000  29.4390000  11.3120000  30.5070000  30.2610000
   9.7890000  31.9470000  29.5250000   9.5200000  32.6350000  28.8330000
   8.8710000  31.6710000  30.6150000   9.4120000  31.1890000  31.4100000
   8.1810000  32.8910000  31.1680000   8.9200000  33.6400000  31.3910000
   7.1990000  33.4270000  30.0980000   7.7640000  33.6870000  29.1800000
   6.4460000  32.6530000  29.8550000   6.6850000  34.3240000  30.4920000
   7.4710000  32.5640000  32.3650000   7.0320000  33.3490000  32.7120000
   7.7860000  30.7470000  30.1070000   7.6060000  30.5650000  28.8930000
   7.1020000  30.1320000  31.0600000   7.2870000  30.3520000  32.0380000
   6.0550000  29.1760000  30.7650000   6.4600000  28.4180000  30.1150000
   5.4920000  28.5020000  32.0360000   5.1150000  29.2670000  32.7000000
   4.6790000  27.8550000  31.7430000   6.5440000  27.6680000  32.8070000
   7.0050000  27.0100000  32.0890000   7.6700000  28.5540000  33.3890000
   8.1840000  29.0800000  32.5630000   7.2310000  29.2920000  34.0900000
   8.4020000  27.9270000  33.9320000   5.8740000  26.7850000  33.8790000
   5.3320000  27.4220000  34.6070000   5.1580000  26.0960000  33.3890000
   6.6530000  26.2040000  34.4090000   4.8880000  29.8260000  30.0680000
   4.2870000  29.2490000  29.1490000   4.5600000  31.0810000  30.4560000
   5.1530000  31.5220000  31.1570000   3.4080000  31.8040000  29.9660000
   2.5330000  31.1900000  30.0990000   3.1760000  33.1340000  30.7240000
   2.2920000  33.6020000  30.3140000   3.0090000  32.9120000  31.7690000
   4.3460000  34.1260000  30.6330000   5.2430000  33.6930000  31.0530000
   4.5250000  34.3840000  29.6000000   3.9450000  35.3700000  31.4350000
   3.6890000  35.2340000  32.6720000   3.8840000  36.4680000  30.8210000
   3.5500000  32.0930000  28.4930000   2.5440000  32.2050000  27.7760000
   4.7520000  32.2190000  27.9410000   5.5510000  32.0470000  28.5480000
   4.9880000  32.6190000  26.5730000   4.5980000  33.6110000  26.4580000
   6.4540000  32.6500000  26.1920000   6.9920000  33.2280000  26.9260000
   7.0020000  31.2110000  26.2020000   6.8850000  30.7860000  27.2180000
   6.4350000  30.5990000  25.4710000   8.0770000  31.2190000  25.9240000
   6.5860000  33.3390000  24.8130000   6.0070000  32.7740000  24.0540000
   6.1890000  34.3660000  24.8840000   7.6550000  33.3720000  24.5150000
   4.2770000  31.7350000  25.5750000   4.0470000  30.5480000  25.8040000
   3.9490000  32.4080000  24.3480000   4.1480000  33.3960000  24.2580000
   3.2770000  31.7600000  23.2450000   3.0270000  30.7510000  23.5050000
   2.0100000  32.5160000  22.7880000   1.5230000  31.9400000  22.0130000
   1.3450000  32.6140000  23.6360000   2.3030000  33.9110000  22.2360000
   2.7720000  34.5170000  22.9990000   2.9570000  33.8420000  21.3760000
   0.9590000  34.5200000  21.8250000  -0.1050000  33.9300000  22.1870000
   0.9760000  35.5840000  21.1460000   4.2510000  31.7810000  22.0860000
   5.1700000  32.6080000  22.0730000   4.1970000  30.9530000  21.0140000
   3.9110000  29.5650000  21.3470000   2.8430000  29.4000000  21.4010000
   4.3640000  29.3100000  22.2950000   4.5310000  28.7240000  20.2020000
   3.8120000  28.0110000  19.8250000   5.4120000  28.2070000  20.5490000
   4.9050000  29.7440000  19.1050000   4.0930000  29.8780000  18.4030000
   5.7970000  29.4470000  18.5700000   5.1500000  31.0060000  19.9310000
   6.1180000  30.8780000  20.3890000   5.2330000  32.2930000  19.1710000
   6.3350000  32.6310000  18.7160000   4.0530000  32.9290000  18.9980000
   3.1580000  32.6180000  19.3750000   4.1630000  34.1670000  18.2750000
   4.5740000  33.9830000  17.2940000   2.8010000  34.8860000  18.1390000
   2.1060000  34.2520000  17.6060000   2.4090000  35.0980000  19.1250000
   2.9660000  36.1020000  17.4200000   2.1110000  36.5420000  17.3410000
   5.0870000  35.0700000  19.0470000   5.9220000  35.7770000  18.4660000
   4.8250000  34.9970000  20.4840000   4.1400000  34.3720000  20.8940000
   5.6170000  35.8410000  21.3440000   5.5420000  36.8500000  20.9950000
   5.1580000  35.7870000  22.8230000   4.0860000  35.9000000  22.8760000
   5.4410000  34.8460000  23.2560000   5.8370000  36.9210000  23.5880000
   6.6560000  37.6530000  22.9590000   5.5450000  37.0690000  24.8130000
   7.0610000  35.4160000  21.2910000   7.9650000  36.2570000  21.2710000
   7.3450000  34.0980000  21.2380000   6.5920000  33.4220000  21.1840000
   8.7150000  33.6530000  21.2990000   9.1910000  34.1260000  22.1360000
   8.8560000  32.1640000  21.4540000   8.2400000  31.8360000  22.2700000
   8.3980000  31.4670000  20.1600000   7.3390000  31.7150000  19.9610000
   9.0220000  31.8090000  19.3140000   8.5030000  30.3780000  20.2760000
  10.2140000  31.8340000  21.7330000  10.2980000  30.8820000  21.8310000
   9.4300000  34.0720000  20.0460000  10.5840000  34.5080000  20.0990000
   8.7180000  33.8100000  18.5060000   7.7700000  33.4650000  18.4370000
   9.4440000  34.1830000  17.3250000  10.3710000  33.6480000  17.3230000
   8.7180000  33.8700000  16.0430000   8.4080000  32.8460000  16.0860000
   7.4550000  34.7390000  15.9500000   6.7980000  34.5250000  16.8080000
   7.7400000  35.8040000  15.9610000   6.9210000  34.5130000  15.0130000
   9.6730000  34.0250000  14.8470000   9.8560000  35.0710000  14.6870000
  10.5980000  33.5320000  15.0820000   9.1180000  33.4280000  13.5540000
   8.9340000  32.3500000  13.6970000   8.1720000  33.9300000  13.2930000
   9.8470000  33.5710000  12.7410000   9.7530000  35.6500000  17.3550000
  10.8800000  36.0590000  17.0720000   8.6620000  36.5200000  18.0460000
   7.7790000  36.1710000  18.3990000   8.9000000  37.9340000  17.9580000
   9.1820000  38.1680000  16.9490000   7.6830000  38.8010000  18.3330000
   7.9310000  39.8270000  18.1360000   6.8550000  38.5070000  17.7100000
   7.2450000  38.6840000  19.7960000   6.8250000  37.7120000  19.9810000
   8.0890000  38.8400000  20.4470000   6.1920000  39.7580000  20.0380000
   5.4430000  40.0850000  19.0750000   6.1290000  40.2730000  21.1890000
  10.0310000  38.3180000  18.8620000  10.8520000  39.1700000  18.5130000
  10.0770000  37.6340000  20.1620000   9.4180000  36.9100000  20.4240000
  11.1320000  38.0120000  21.0700000  11.0750000  39.0660000  21.2500000
  11.0630000  37.2630000  22.4220000  10.9680000  36.2070000  22.2520000
  11.9570000  37.4550000  22.9940000   9.8390000  37.7740000  23.1790000
   9.4330000  38.9270000  23.0180000   9.2330000  36.8990000  24.0340000
   8.4180000  37.1850000  24.5620000   9.5980000  35.9620000  24.1400000
  12.4610000  37.6980000  20.4460000  13.3920000  38.5060000  20.5090000
  12.5580000  36.5240000  19.8510000  11.7790000  35.8940000  19.7090000
  13.8580000  36.1720000  19.3530000  14.5570000  36.1720000  20.1640000
  13.8760000  34.8220000  18.6920000  13.1610000  34.8260000  17.8940000
  15.2770000  34.5850000  18.0970000  15.4980000  35.3710000  17.3540000
  16.0300000  34.6170000  18.9010000  15.3050000  33.5970000  17.6080000
  13.4490000  33.7620000  19.7270000  14.1530000  33.7740000  20.5750000
  12.4320000  33.9900000  20.0880000  13.4560000  32.7650000  19.2580000
  14.2860000  37.1850000  18.3410000  15.4070000  37.6950000  18.3880000
  13.2660000  37.5040000  17.4040000  12.3480000  37.0640000  17.4020000
  13.6240000  38.4320000  16.3710000  14.5330000  38.0910000  15.9080000
  12.5310000  38.5830000  15.2850000  12.9010000  39.2570000  14.5310000
  12.3510000  37.6110000  14.8500000  11.1900000  39.1330000  15.8020000
  10.7010000  38.3570000  16.3680000  11.3940000  39.9790000  16.4410000
  10.2360000  39.5890000  14.6880000  10.6700000  40.4500000  14.2040000
  10.1360000  38.7830000  13.9800000   8.8300000  39.9730000  15.1840000
   8.1910000  40.1710000  14.3410000   8.4220000  39.1550000  15.7550000
   8.9040000  41.1910000  16.0350000   9.5070000  41.0060000  16.8340000
   9.2890000  41.9660000  15.4980000   7.9680000  41.4360000  16.3580000
  13.8720000  39.7890000  16.9640000  14.8420000  40.4700000  16.6070000
  13.0450000  40.2480000  18.1040000  12.2830000  39.6300000  18.3730000
  13.1980000  41.5220000  18.7550000  13.1970000  42.3050000  18.0200000
  12.0850000  41.8000000  19.7920000  11.1000000  41.7960000  19.2930000
  12.1020000  41.0130000  20.5680000  12.2550000  42.7900000  20.2590000
  14.5090000  41.5360000  19.4800000  15.2500000  42.5280000  19.4350000
  14.9930000  40.3880000  20.0920000  14.3780000  39.5820000  20.0770000
  16.2220000  40.3160000  20.8300000  16.2360000  41.1100000  21.5490000
  16.3810000  38.9640000  21.5650000  16.2630000  38.1710000  20.8510000
  17.3730000  38.9190000  21.9850000  15.3580000  38.7560000  22.6940000
  15.6640000  39.3440000  23.5380000  14.3940000  39.0980000  22.3520000
  15.2230000  37.2900000  23.1480000  14.7510000  37.2730000  24.1170000
  14.5980000  36.7760000  22.4420000  16.5650000  36.5390000  23.2470000
  17.3040000  37.1850000  23.6850000  16.4380000  35.6620000  23.8640000
  17.0230000  36.1280000  21.8970000  16.3270000  35.5150000  21.4810000
  17.1450000  36.9550000  21.3120000  17.9110000  35.6310000  21.9740000
  17.4090000  40.4650000  19.9140000  18.3150000  41.2520000  20.1990000
  17.4230000  39.8060000  18.8350000  16.6650000  39.1950000  18.5420000
  18.6480000  39.9420000  18.0730000  19.4410000  40.2630000  18.7220000
  19.0600000  38.6480000  17.4100000  19.9870000  38.8220000  16.8840000
  19.3210000  37.5860000  18.5090000  20.1330000  37.9400000  19.1710000
  18.3920000  37.4300000  19.0990000  19.6260000  36.6270000  18.0440000
  17.9860000  38.2190000  16.3850000  17.1020000  37.8960000  16.9220000
  17.7400000  39.0780000  15.7730000  18.4420000  37.0730000  15.4730000
  19.3440000  37.3900000  14.9060000  18.6870000  36.1770000  16.0840000
  17.6240000  36.8240000  14.7720000  18.4730000  40.9660000  16.9780000
  19.2000000  40.9330000  15.9780000  17.4730000  42.2110000  17.1210000
  17.0110000  41.8940000  18.0610000  16.8900000  43.4770000  16.3910000
  15.8530000  43.7280000  16.8800000  17.8290000  44.7930000  16.4490000
  18.9060000  44.5160000  16.0630000  17.3900000  45.6580000  15.7950000
  17.8970000  45.3020000  17.9160000  18.1870000  44.4140000  18.6240000
  18.6800000  46.1160000  17.9160000  16.4070000  45.9150000  18.3490000
  15.6040000  45.2470000  19.2020000  16.0210000  47.2200000  17.7380000
  15.0430000  47.6780000  17.9830000  16.7130000  47.7300000  17.0390000
  16.6840000  43.2610000  14.8900000  17.1600000  44.1380000  13.9820000
  16.2060000  42.0150000  14.6700000  15.6850000  41.3890000  15.3180000
  16.2830000  41.6930000  13.2630000  16.9170000  42.4820000  12.7960000
  16.9260000  40.2540000  12.9040000  16.9690000  40.1320000  11.8360000
  17.9660000  40.1910000  13.2990000  16.0270000  39.1050000  13.5040000
  15.3140000  39.4170000  14.5250000  16.0420000  37.9090000  12.9610000
  14.8380000  41.8000000  12.6940000  13.8700000  41.0620000  13.1100000
  14.2940000  43.2490000  11.7880000  15.0010000  44.5320000  11.7550000
  12.6640000  43.0650000  11.2060000  11.5750000  42.3810000  11.9610000
  11.9720000  45.0440000  11.0440000  13.0930000  45.8220000  10.3790000
  10.8210000  44.8370000  10.5380000  11.3270000  46.2220000  12.5100000
   9.9900000  45.6440000  13.0490000  12.3280000  46.0720000  13.1320000
  11.1290000  48.3710000  12.4260000  12.4630000  48.9610000  11.8930000
  10.1250000  48.5350000  11.8090000  10.4810000  49.4960000  13.9130000
  10.2750000  50.9690000  13.7800000   9.1870000  48.8670000  14.4840000
  11.9100000  49.4280000  14.7500000  12.1060000  48.0390000  14.8780000
  13.1330000  50.0240000  14.2130000  11.4710000  50.1760000  15.7330000
  12.9330000  41.8580000   9.7760000  11.7050000  40.6800000   9.5600000
  14.2030000  41.6200000   9.4520000  15.2020000  41.9890000  10.0740000
  14.3340000  40.5490000   8.0630000  13.3860000  40.7550000   7.2960000
  15.9840000  40.5640000   7.2680000  16.9410000  40.4290000   8.0620000
  16.0250000  39.6720000   6.3130000  16.2650000  41.9840000   6.6960000
  15.3250000  42.1340000   5.8920000  16.2470000  42.8890000   7.6400000
  17.9220000  41.8810000   5.9280000  18.0150000  41.1960000   4.5720000
  19.1140000  42.4890000   6.6880000  14.1020000  39.0600000   8.4090000
  15.2640000  38.3010000   8.6870000  12.4280000  38.7320000   8.8320000
  11.7180000  39.4990000   8.6990000  11.8500000  37.4560000   9.2650000
  12.4600000  37.1580000  10.1430000  10.7440000  37.6150000   9.5720000
  11.9130000  36.3120000   8.1280000  12.0560000  35.1050000   8.4140000
  12.0430000  36.6390000   6.1830000  12.2070000  37.6420000   6.0470000
  12.2660000  35.5520000   4.7700000  11.0720000  34.9850000   4.6600000
  12.4850000  36.0820000   3.1000000  11.3030000  36.5930000   2.9020000
  13.8950000  37.2080000   3.2400000  13.5350000  38.0840000   4.2220000
  15.1310000  36.7720000   3.5750000  14.0310000  37.5750000   2.0220000
  12.6740000  34.9000000   1.5830000  11.6610000  34.1590000   1.6630000
  12.5210000  35.3370000   0.4540000  14.3910000  34.1260000   1.4620000
  15.4550000  34.8610000   1.3580000  14.5730000  33.6510000   2.5990000
  14.3850000  33.3100000   0.3400000  13.6120000  34.5240000   5.0870000
  13.3200000  33.2950000   4.5320000  14.9720000  34.9630000   5.7690000
  15.8420000  36.2310000   5.7570000  15.1720000  37.0670000   6.3680000
  16.0770000  36.4410000   4.5590000  17.4250000  35.9800000   6.6390000
  17.2980000  36.2660000   7.8950000  18.3940000  36.5390000   6.1900000
  17.7210000  34.4320000   6.2850000  18.2810000  34.0290000   7.2860000
  18.4730000  34.2120000   5.2550000  16.0400000  33.8280000   5.9750000
  16.0910000  33.2060000   4.8560000  15.5420000  32.9190000   7.2080000
  15.9780000  31.7150000   7.0030000  14.5610000  33.3020000   8.3240000
  15.0640000  34.6240000   8.8110000  14.5860000  35.3960000   8.1920000
  16.2130000  34.6760000   8.7350000  14.5820000  34.7680000  10.3720000
  13.5150000  35.1800000  10.4490000  15.3060000  35.3940000  10.9880000
  14.6250000  33.3160000  10.8730000  13.7820000  33.1580000  11.6280000
  15.6440000  33.0970000  11.3540000  14.4020000  32.4320000   9.5150000
  15.2860000  31.7380000   9.4590000  13.0660000  31.6000000   9.5810000
  12.0040000  31.8870000   8.8660000  12.9660000  30.7040000  10.4990000
  13.8680000  30.3410000  10.8510000  11.7390000  30.0760000  10.9680000
  10.9350000  30.8120000  11.0530000  11.2940000  28.9230000  10.0450000
  11.3000000  29.2640000   9.0000000  11.9870000  28.0820000  10.1630000
   9.8590000  28.4940000  10.4470000   9.1470000  29.2740000  11.1750000
   9.4570000  27.3750000  10.0280000  12.0350000  29.4550000  12.3390000
  13.2180000  29.2690000  12.7210000  10.8870000  28.9470000  13.4420000
   9.9000000  29.1260000  13.3240000  11.3410000  28.2510000  14.6130000
  12.4080000  28.2920000  14.6650000  10.7370000  28.7810000  15.9220000
  11.1790000  28.2490000  16.7420000  10.9710000  29.8260000  16.0060000
   9.2180000  28.6160000  16.0010000   8.9470000  27.6060000  15.7530000
   8.8760000  28.8460000  16.9920000   8.5940000  29.5790000  15.0010000
   7.5400000  29.3010000  14.4310000   9.2570000  30.7490000  14.7860000
   8.8880000  31.4270000  14.1340000  10.1190000  30.9390000  15.2780000
  10.8970000  26.8300000  14.4570000   9.7140000  26.5560000  14.2400000
  11.8630000  25.9610000  14.6340000  12.8320000  26.1210000  14.8880000
  11.3750000  24.6330000  14.3800000  10.3280000  24.6910000  14.1460000
  12.1050000  23.9240000  13.2240000  12.0150000  24.5340000  12.3430000
  13.1460000  23.8220000  13.4840000  11.5450000  22.5300000  12.9140000
  11.6550000  21.8890000  13.7720000  10.5020000  22.6050000  12.6550000
  12.3330000  21.9580000  11.7420000  12.1750000  20.7840000  11.3940000
  13.2070000  22.8050000  11.1210000  13.7580000  22.4780000  10.3380000
  13.3050000  23.7610000  11.4430000  11.5450000  23.7930000  15.6080000
  12.5130000  23.9440000  16.3560000  10.5170000  22.7830000  15.8480000
   9.6480000  22.7270000  15.3230000  10.7440000  21.8650000  16.9260000
  11.7930000  21.6260000  16.9780000  10.2660000  22.3870000  18.3020000
  10.4420000  21.6260000  19.0400000  10.8330000  23.2660000  18.5590000
   8.7730000  22.7420000  18.3020000   8.6070000  23.4960000  17.5560000
   8.2150000  21.8580000  18.0390000   8.2390000  23.2680000  19.6440000
   8.1780000  22.4720000  20.3620000   8.8820000  24.0440000  20.0290000
   6.8770000  23.8100000  19.3490000   6.7460000  24.8050000  19.2240000
   5.8050000  22.9650000  19.2480000   5.9530000  21.6430000  19.5530000
   6.8540000  21.2910000  19.8640000   5.1610000  21.0140000  19.4680000
   4.5930000  23.4420000  18.8140000   4.4900000  24.4200000  18.5790000
   3.7980000  22.8170000  18.7280000   9.9670000  20.6320000  16.6060000
   9.1030000  20.6220000  15.7200000  10.1340000  19.5170000  17.2980000
  10.8730000  19.4810000  18.0030000   9.3390000  18.3610000  16.9890000
   8.9180000  18.4570000  15.9990000  10.1240000  17.0260000  17.0780000
  10.5900000  16.9700000  18.0540000   9.4240000  16.2120000  16.9540000
  11.2310000  16.8780000  16.0020000  10.7550000  17.0290000  15.0450000
  12.3130000  17.9720000  16.1640000  11.8390000  18.9710000  16.0650000
  12.7900000  17.8930000  17.1650000  13.0870000  17.8370000  15.3810000
  11.8290000  15.4470000  15.9820000  12.2770000  15.2260000  16.9740000
  11.0230000  14.7180000  15.7560000  12.6160000  15.3730000  15.2050000
   8.2250000  18.3230000  17.9900000   8.3860000  18.7290000  19.1540000
   7.0600000  17.6790000  17.5410000   6.9680000  17.3620000  16.5740000
   5.9180000  17.5650000  18.4190000   6.1340000  18.0460000  19.3660000
   4.6450000  18.1580000  17.8150000   4.5650000  17.7940000  16.7980000
   3.3770000  17.6990000  18.5770000   3.3050000  16.5950000  18.5240000
   3.4480000  18.0260000  19.6400000   2.4700000  18.1470000  18.1140000
   4.7920000  19.6950000  17.7690000   4.8400000  20.0730000  18.7860000
   5.7180000  19.9240000  17.2590000   3.6350000  20.4110000  17.0470000
   3.5760000  20.0470000  15.9960000   2.6740000  20.2000000  17.5630000
   3.8200000  21.5010000  17.0610000   5.7760000  16.0910000  18.6070000
   6.4070000  15.3240000  17.8530000   4.9750000  15.6620000  19.6510000
   4.5010000  16.3200000  20.2810000   4.8730000  14.2450000  19.8740000
   5.8500000  13.8430000  20.1250000   3.8310000  13.8650000  20.9670000
   2.9210000  14.4470000  20.8340000   3.5970000  12.8160000  20.8680000
   4.4040000  14.1390000  22.3420000   4.4020000  15.4150000  22.8910000
   3.9820000  16.2430000  22.3210000   4.9340000  15.6420000  24.1640000
   4.9380000  16.6530000  24.5880000   5.4590000  14.6020000  24.9040000
   5.8700000  14.7890000  25.9090000   5.4610000  13.3250000  24.3630000
   5.8790000  12.4970000  24.9350000   4.9290000  13.1020000  23.0910000
   4.9230000  12.0900000  22.6700000   4.3690000  13.6160000  18.5890000
   4.9990000  12.6800000  18.0550000   3.1400000  14.1900000  18.0400000
   2.6690000  14.9660000  18.5280000   2.6100000  13.6990000  16.7690000
   2.4560000  12.6330000  16.8120000   1.2710000  14.3990000  16.3620000
   0.4930000  14.2270000  17.1400000   1.4450000  15.4900000  16.2730000
   0.9160000  13.9810000  15.3830000   3.6430000  13.9980000  15.7100000
   3.9250000  13.1670000  14.8110000   4.3430000  15.2170000  15.8370000
   4.0710000  15.8230000  16.6180000   5.3220000  15.6980000  14.8940000
   6.1990000  16.0750000  15.4210000   5.6230000  14.9020000  14.2140000
   4.6500000  16.8070000  14.1290000   3.7970000  16.5590000  13.2520000
   5.0780000  18.0240000  14.3980000   5.7990000  18.1660000  15.1140000
   4.5350000  19.1780000  13.7210000   4.4690000  18.9520000  12.6630000
   3.1240000  19.6210000  14.2380000   3.1800000  19.7770000  15.3110000
   2.8530000  20.5510000  13.7680000   2.0120000  18.5780000  13.9280000
   1.7810000  18.6110000  12.8710000   2.4020000  17.5980000  14.1660000
   0.6900000  18.8030000  14.7170000   0.9160000  18.7720000  15.7750000
   0.2940000  19.7800000  14.4770000  -0.4020000  17.7440000  14.3910000
  -0.7010000  17.8230000  13.3540000   0.0070000  16.7560000  14.5590000
  -1.6070000  17.9600000  15.2640000  -1.3290000  17.8830000  16.2450000
  -1.9970000  18.8920000  15.1060000  -2.3220000  17.2530000  15.0380000
   5.5190000  20.3230000  13.9450000   6.6190000  20.1180000  14.5010000
   5.3220000  21.5480000  13.3710000   4.4230000  21.6640000  12.9090000
   6.1780000  22.7130000  13.5450000   7.1240000  22.3870000  13.9470000
   6.4390000  23.4410000  12.2170000   5.4930000  23.7560000  11.8000000
   7.0550000  24.3080000  12.4130000   7.1560000  22.5370000  11.2020000
   8.1420000  22.2820000  11.5660000   6.5860000  21.6330000  11.0420000
   7.2660000  23.3120000   9.9020000   7.7510000  22.7910000   8.8940000
   6.7910000  24.5970000   9.9210000   6.8320000  25.1650000   9.0860000
   6.3960000  24.9830000  10.7720000   5.5580000  23.7100000  14.5140000
   4.4140000  23.5250000  14.9370000   6.2110000  24.7410000  14.8340000
   7.0630000  24.9650000  14.3340000   5.7300000  25.6400000  15.8720000
   5.0160000  25.1130000  16.4740000   6.8640000  26.1470000  16.7930000
   7.3820000  25.2980000  17.2010000   7.5480000  26.7280000  16.2010000
   6.3580000  27.0220000  17.9630000   5.7460000  27.7930000  17.5390000
   5.4570000  26.2020000  18.9030000   4.5870000  25.8210000  18.3380000
   6.0340000  25.3550000  19.3120000   5.1060000  26.8440000  19.7330000
   7.5210000  27.7160000  18.7070000   8.2080000  26.9540000  19.1160000
   8.0720000  28.3610000  18.0040000   7.1160000  28.3290000  19.5330000
   5.0500000  26.8440000  15.2900000   5.6270000  27.5770000  14.4860000
   3.6890000  26.9990000  15.8110000   3.2900000  26.3920000  16.5180000
   2.9420000  28.1200000  15.3130000   3.5200000  28.5810000  14.5300000
   1.5480000  27.7610000  14.7360000   1.0180000  27.1610000  15.4600000
   0.9950000  28.6660000  14.5590000   1.6540000  26.9810000  13.4100000
   2.1840000  27.5680000  12.6770000   2.1880000  26.0610000  13.5780000
   0.2380000  26.6780000  12.8990000  -0.7500000  27.0310000  13.6140000
   0.1300000  26.0910000  11.7770000   2.7720000  29.1100000  16.4310000
   2.7520000  28.7620000  17.6210000   2.5880000  30.2240000  16.0190000
   2.6240000  30.3770000  15.0100000   2.4730000  31.3670000  16.9020000
   3.1550000  31.2890000  17.7380000   2.6950000  32.6950000  16.1520000
   2.0000000  32.7620000  15.3220000   2.5390000  33.5230000  16.8350000
   4.1450000  32.7220000  15.6230000   4.9540000  31.8620000  16.0680000
   4.4610000  33.6070000  14.7720000   1.0390000  31.3470000  17.3790000
   0.3730000  30.3200000  17.2510000   0.3830000  32.3430000  18.1200000
   1.0160000  33.0680000  18.4560000  -1.0470000  32.4450000  18.3860000
  -1.2930000  33.4780000  18.5540000  -1.5910000  32.0770000  17.5200000
  -1.4750000  31.6590000  19.6000000  -2.5080000  31.9690000  20.2230000
  -0.6790000  30.6290000  19.9590000   0.1620000  30.3840000  19.4260000
  -1.0690000  29.8600000  21.1210000  -1.8800000  30.3480000  21.6510000
  -1.4640000  28.4020000  20.7870000  -0.6240000  27.9270000  20.2860000
  -1.6770000  27.8950000  21.7190000  -2.7130000  28.2850000  19.8690000
  -2.4220000  28.5600000  18.8600000  -3.0550000  27.2630000  19.8690000
  -3.8900000  29.1790000  20.3200000  -3.5560000  30.2020000  20.3910000
  -4.7080000  29.1000000  19.6050000  -4.3510000  28.7100000  21.6750000
  -3.8940000  29.0600000  22.5250000  -5.3910000  27.8060000  21.7700000
  -6.0250000  27.3500000  20.6230000  -5.7240000  27.6800000  19.7050000
  -6.7960000  26.6830000  20.6930000  -5.7990000  27.3640000  23.0130000
  -5.3310000  27.7040000  23.8600000  -6.5700000  26.6970000  23.0840000
   0.1620000  29.8320000  21.9840000   1.2220000  30.2850000  21.5300000
  -0.0400000  29.3140000  23.3010000  -0.9340000  28.9380000  23.6100000
   1.1130000  29.2930000  24.1810000   1.6740000  30.1960000  24.0410000
   0.7640000  29.1670000  25.6500000   0.0310000  29.9110000  25.9080000
   0.1610000  27.7740000  25.9050000  -0.7560000  27.6450000  25.2910000
   0.9050000  27.0010000  25.6260000  -0.0960000  27.6770000  26.9810000
   1.9360000  29.3630000  26.4510000   1.7050000  29.2810000  27.3880000
   1.9860000  28.1320000  23.7930000   1.5050000  27.1360000  23.2400000
   3.3050000  28.2490000  24.0270000   3.6360000  29.0780000  24.5080000
   4.2510000  27.2150000  23.6840000   4.2170000  27.0310000  22.6230000
   5.6990000  27.5640000  24.1060000   5.9870000  28.4710000  23.6090000
   5.7170000  27.7180000  25.1750000   6.7340000  26.4710000  23.7490000
   6.3450000  25.5480000  24.1250000   6.8780000  26.3060000  22.2190000
   5.8990000  26.0240000  21.7830000   7.2150000  27.2570000  21.7780000
   7.6240000  25.5180000  21.9990000   8.0870000  26.7130000  24.4610000
   8.4960000  27.6880000  24.1510000   7.9340000  26.7100000  25.5590000
   8.8010000  25.9140000  24.1830000   3.8670000  25.9720000  24.4230000
   3.8720000  24.8740000  23.8610000   3.5060000  26.1570000  25.8020000
   3.4750000  27.0950000  26.1860000   3.1740000  25.0600000  26.6670000
   4.0010000  24.3690000  26.6930000   2.8490000  25.5320000  28.1060000
   3.7200000  26.0110000  28.5330000   2.0250000  26.2300000  28.0770000
   2.4860000  24.4230000  28.9130000   2.2850000  24.7260000  29.8110000
   1.9430000  24.3620000  26.1440000   1.7910000  23.1540000  26.3150000
   1.0820000  25.1360000  25.5030000   1.2750000  26.1160000  25.3510000
  -0.1810000  24.5910000  25.0350000  -0.7090000  24.1510000  25.8660000
  -1.0840000  25.6570000  24.3720000  -1.2280000  26.4760000  25.0650000
  -0.6040000  26.0140000  23.4700000  -2.4530000  25.0490000  24.0110000
  -2.7120000  23.8750000  24.3900000  -3.2610000  25.7540000  23.3330000
   0.0930000  23.5450000  23.9830000  -0.5840000  22.5120000  23.9490000
   1.1470000  23.8400000  23.0450000   1.6790000  24.6940000  23.1620000
   1.5130000  22.9400000  21.9770000   0.6210000  22.6460000  21.4440000
   2.5240000  23.5330000  20.9730000   3.3780000  23.9240000  21.5070000
   2.8510000  22.7710000  20.2830000   1.8510000  24.6310000  20.2140000
   1.7630000  25.9000000  20.7490000   2.1840000  26.1080000  21.7350000
   1.1430000  26.9070000  20.0390000   1.0750000  27.9030000  20.4690000
   0.6100000  26.6520000  18.7860000  -0.0250000  27.6850000  18.0570000
  -0.3380000  27.3400000  17.2080000   0.6960000  25.3870000  18.2460000
   0.2760000  25.1810000  17.2590000   1.3160000  24.3840000  18.9590000
   1.3850000  23.3880000  18.5270000   2.1540000  21.7250000  22.5710000
   2.8630000  21.8040000  23.5840000   1.7970000  20.6910000  21.9520000
   1.1930000  20.6740000  21.1270000   2.3370000  19.4790000  22.4980000
   2.3230000  19.5510000  23.5770000   1.5680000  18.2060000  22.0520000
   0.4950000  18.3830000  22.0810000   1.8610000  17.9160000  21.0470000
   1.9510000  17.1100000  23.0430000   2.7690000  17.3410000  23.9560000
   1.3570000  15.8910000  22.8640000   1.5810000  15.1320000  23.4950000
   0.6930000  15.7440000  22.1000000   3.7720000  19.3400000  22.0360000
   4.0920000  18.5520000  21.1250000   4.6970000  20.1030000  22.6870000
   4.3590000  20.7390000  23.4090000   6.1100000  20.0460000  22.3970000
   6.2710000  20.0510000  21.3300000   6.9240000  21.1340000  23.0650000
   7.9520000  21.0190000  22.7550000   6.4090000  22.4910000  22.5460000
   6.5330000  22.5310000  21.4440000   5.3320000  22.6080000  22.8000000
   6.9910000  23.3050000  23.0210000   6.8720000  21.0070000  24.6110000
   7.2450000  20.0330000  24.8760000   7.5160000  21.7610000  25.0420000
   5.4620000  21.1760000  25.2180000   5.0640000  22.1750000  24.9700000
   4.7870000  20.4030000  24.8000000   5.5200000  21.0710000  26.3210000
   6.5650000  18.7500000  22.9750000   6.0050000  18.3160000  23.9890000
   7.5070000  18.1030000  22.3190000   7.9100000  18.4550000  21.4570000
   7.9310000  16.8340000  22.8470000   7.0790000  16.1720000  22.8870000
   9.0860000  16.1500000  22.0460000   9.9060000  16.8490000  21.9610000
   9.4230000  15.2880000  22.5960000   8.6710000  15.6900000  20.6230000
   7.8620000  14.9750000  20.6800000   8.3420000  16.5370000  20.0460000
   9.9040000  15.0410000  19.9590000  10.7540000  15.7250000  19.3780000
  10.0120000  13.6830000  20.0500000  10.8120000  13.2000000  19.6290000
   9.2930000  13.1590000  20.5380000   8.4340000  17.1090000  24.2450000
   9.4190000  17.8370000  24.4610000   7.7680000  16.4860000  25.2190000
   7.0380000  15.8120000  25.0000000   8.1120000  16.7840000  26.5930000
   8.0240000  17.8420000  26.7560000   7.2260000  16.0620000  27.6340000
   7.3120000  15.0020000  27.4650000   7.5910000  16.3040000  28.6290000
   5.7330000  16.4610000  27.5450000   5.3470000  16.1380000  26.5820000
   5.1940000  15.9650000  28.3370000   5.4950000  17.9710000  27.6870000
   6.0730000  18.4670000  26.9250000   4.4370000  18.1690000  27.5310000
   5.9000000  18.5480000  29.0670000   5.2930000  18.1010000  29.8390000
   6.9480000  18.3310000  29.2550000   5.6890000  20.0180000  29.0860000
   6.2630000  20.4420000  28.3580000   4.6990000  20.2250000  28.9100000
   5.9590000  20.3920000  30.0030000   9.5410000  16.3730000  26.8270000
   9.9140000  15.2090000  26.6470000  10.3820000  17.3670000  27.2430000
  10.0040000  18.3030000  27.3510000  11.7730000  17.1260000  27.5510000
  11.8570000  16.3900000  28.3280000  12.6160000  16.6930000  26.3220000
  13.6270000  16.4840000  26.6560000  12.1820000  15.8000000  25.9020000
  12.6770000  17.7510000  25.2140000  11.6780000  17.9690000  24.8520000
  13.1230000  18.6510000  25.6040000  13.5360000  17.1890000  24.0690000
  13.1790000  16.1030000  23.5270000  14.5630000  17.8450000  23.7240000
  12.3200000  18.4320000  28.0450000  11.6550000  19.4690000  27.9460000
  13.5200000  18.4530000  28.6710000  14.0210000  17.5850000  28.8320000
  14.0810000  19.7060000  29.0930000  13.5900000  20.5090000  28.5730000
  13.9990000  19.9460000  30.6220000  12.9620000  19.9380000  30.9290000
  14.5380000  19.1650000  31.1350000  14.5750000  21.2020000  30.9580000
  14.5180000  21.3430000  31.9150000  15.5340000  19.6710000  28.7250000
  16.2230000  18.6770000  28.9740000  16.0260000  20.7850000  28.1730000
  17.0160000  20.7880000  27.9460000  15.2400000  21.9420000  27.8390000
  14.5600000  22.1740000  28.6410000  16.1020000  23.1330000  27.5330000
  16.7090000  23.3630000  28.3920000  17.0190000  22.7780000  26.3370000
  17.6560000  21.9140000  26.6020000  16.3970000  22.5270000  25.4560000
  17.6590000  23.6420000  26.0980000  15.2950000  24.2610000  27.2050000
  15.8630000  25.0110000  27.0130000  14.4760000  21.6210000  26.5880000
  14.7810000  20.6490000  25.8880000  13.4290000  22.4200000  26.2960000
  13.1740000  23.1730000  26.9270000  12.6870000  22.2150000  25.0770000
  12.4530000  21.1770000  24.9490000  11.4010000  23.0730000  24.9880000
  11.6770000  24.1060000  25.0830000  10.9470000  22.9080000  24.0210000
  10.3530000  22.7510000  26.0810000  10.8010000  22.9920000  27.0310000
   9.0950000  23.6370000  25.9350000   9.3810000  24.6970000  26.0310000
   8.6350000  23.4650000  24.9420000   8.3670000  23.3840000  26.7280000
  10.0220000  21.2470000  26.1040000   9.6120000  20.9440000  25.1200000
  10.9440000  20.6700000  26.3140000   9.2720000  21.0520000  26.8940000
  13.6120000  22.6720000  23.9970000  14.3910000  23.6030000  24.2100000
  13.5860000  21.9860000  22.8340000  12.9610000  21.2160000  22.6370000
  14.5260000  22.4570000  21.8570000  15.1020000  23.2450000  22.3010000
  15.4990000  21.3710000  21.3540000  14.9310000  20.5070000  21.0650000
  16.0320000  21.7480000  20.4980000  16.4960000  20.9690000  22.4080000
  16.2500000  20.0510000  23.4090000  15.3920000  19.5370000  23.5560000
  17.3850000  19.9720000  24.1620000  17.4960000  19.3250000  25.0310000
  18.3380000  20.7720000  23.7160000  17.7760000  21.3990000  22.6110000
  18.2840000  22.1320000  21.9920000  13.7980000  23.0080000  20.6690000
  12.9410000  22.3470000  20.0770000  14.1830000  24.2630000  20.3830000
  14.8280000  24.7920000  20.9560000  13.6660000  24.8530000  19.1820000
  13.1970000  24.0960000  18.5850000  12.6690000  26.0010000  19.4290000
  13.1370000  26.7270000  20.0680000  12.4300000  26.4540000  18.4840000
  11.3550000  25.5370000  20.0940000  10.9760000  24.7280000  19.5020000
  11.6070000  24.9840000  21.5060000  12.2940000  24.1230000  21.4460000
  12.0570000  25.7690000  22.1350000  10.6500000  24.6630000  21.9500000
  10.2870000  26.6450000  20.0720000  10.6620000  27.5260000  20.6190000
  10.0690000  26.9230000  19.0280000   9.3650000  26.2790000  20.5540000
  14.8370000  25.4110000  18.4430000  15.7780000  25.9190000  19.0520000
  14.8010000  25.2930000  17.3040000  14.0580000  24.8540000  16.7790000
  15.9790000  25.7700000  16.6400000  16.7000000  26.0720000  17.3710000
  16.6000000  24.7570000  15.7190000  16.8240000  23.8740000  16.2830000
  15.5800000  24.3970000  14.6240000  14.6750000  23.9750000  15.0910000
  15.3140000  25.3050000  14.0580000  16.0230000  23.6550000  13.9410000
  17.9160000  25.3370000  15.1690000  17.7050000  26.2670000  14.6170000
  18.5990000  25.5530000  16.0050000  18.3860000  24.6060000  14.4910000
  15.5950000  26.9470000  15.8100000  14.5960000  26.9240000  15.0920000
  16.3550000  28.1240000  16.0530000  17.0960000  28.1470000  16.7460000
  16.0620000  29.2850000  15.2720000  15.0650000  29.2200000  14.8770000
  16.2370000  30.6020000  16.0640000  15.5770000  30.5710000  16.9150000
  17.2590000  30.6560000  16.4020000  15.9310000  31.8890000  15.2690000
  15.9680000  32.6980000  15.9730000  16.9970000  32.1840000  14.1940000
  17.9840000  32.3080000  14.6760000  17.0390000  31.3460000  13.4750000
  16.7320000  33.1090000  13.6580000  14.4950000  31.8550000  14.7040000
  14.3840000  30.9890000  14.0280000  13.7720000  31.7700000  15.5370000
  14.3010000  32.7830000  14.1430000  17.0570000  29.2430000  14.1590000
  18.2610000  29.4110000  14.3770000  16.8140000  28.6260000  13.1930000
  15.8040000  28.6640000  13.0420000  17.6980000  28.4340000  12.0800000
  18.7020000  28.7400000  12.3440000  17.7030000  26.9740000  11.5840000
  16.6870000  26.6950000  11.3190000  18.3310000  26.9250000  10.7100000
  18.2310000  25.9670000  12.6320000  19.2730000  26.1950000  12.8320000
  17.6570000  26.0780000  13.5360000  18.1260000  24.5020000  12.1860000
  18.4570000  23.8430000  12.9830000  17.0990000  24.2640000  11.9230000
  19.0120000  24.3500000  10.9910000  18.6160000  24.4240000  10.0550000
  20.3580000  24.1110000  11.1650000  20.8930000  24.0160000  12.4320000
  20.2910000  24.1240000  13.2410000  21.8890000  23.8370000  12.5600000
  21.1710000  23.9630000  10.0710000  20.7750000  24.0320000   9.1340000
  22.1670000  23.7850000  10.1990000  17.1900000  29.2750000  10.9380000
  16.0270000  29.7050000  10.9240000  18.9890000  29.9530000  10.4870000
  19.9950000  29.8160000  10.8070000  18.7150000  30.5720000   9.1740000
  17.8450000  31.2440000   9.3060000  19.9880000  31.3420000   8.5690000
  20.8710000  30.6750000   8.4910000  19.7160000  31.6730000   7.5350000
  20.4250000  32.5760000   9.4860000  21.3140000  33.0310000   8.9770000
  19.2440000  33.6260000   9.5470000  19.0160000  33.9580000   8.4730000
  18.2820000  33.1780000  10.0040000  19.5880000  34.4930000  10.2090000
  20.9220000  32.1670000  10.9560000  20.0560000  31.6360000  11.4950000
  21.8410000  31.5010000  10.8450000  21.2250000  33.0710000  11.5810000
  18.3110000  29.4860000   8.1370000  18.8460000  28.3660000   8.1670000
  17.6270000  29.2910000   8.0890000  17.1270000  30.2160000   8.0200000
  17.4530000  28.3400000   6.6880000  18.3100000  27.5320000   6.8050000
  15.6760000  27.7520000   6.4870000  15.6330000  27.1410000   5.3380000
  15.4530000  27.1320000   7.4940000  14.2600000  28.7820000   6.4720000
  13.1290000  28.2830000   6.7880000  14.5310000  29.5800000   7.4000000
  13.9710000  29.4180000   4.8340000  15.0090000  30.0460000   4.5590000
  13.8080000  28.6470000   3.8480000  12.4310000  30.2440000   5.0480000
  11.9690000  30.4750000   6.1950000  11.6420000  30.6890000   3.7010000
  12.2700000  30.3900000   2.1510000  13.3190000  29.8380000   2.0010000
  11.6850000  30.7200000   1.1550000  10.2230000  31.4350000   3.9080000
   9.7600000  31.6550000   5.0550000   9.6380000  31.7660000   2.9120000
  17.9350000  29.0820000   5.2250000  19.0240000  29.9570000   5.3490000
  17.1790000  28.7340000   3.9530000  16.0990000  27.9650000   3.3650000
  18.3660000  29.6500000   2.4650000  17.2890000  30.3810000   1.9410000
  19.8050000  30.1540000   3.3010000  19.0900000  28.8620000   0.4760000
  18.4480000  27.6600000   0.1860000  27.3390000  31.8160000  -2.1080000
  28.3090000  32.8550000  -0.7420000  29.8340000  31.8720000  -5.6190000
  33.2040000  32.4490000  -4.6410000  28.6090000  30.6530000  -6.4000000
  29.3310000  32.8740000  -9.6450000  27.8770000  32.2150000 -13.2250000
  30.4190000  34.3150000  -9.1880000
